297.247 
297.25 
297.276 
297.304 
297.326 
297.341 
297.347 
297.336 
297.289 
297.222 
297.206 
297.038 
297.016 
296.939 
296.925 
296.972 
296.979 
296.965 
296.971 
296.963 
297.002 
297.083 
297.064 
296.976 
296.906 
296.86 
296.831 
296.816 
296.814 
296.858 
296.936 
297.011 
297.063 
297.096 
297.139 
297.177 
297.173 
297.158 
297.178 
297.229 
297.241 
297.23 
297.217 
297.197 
297.159 
297.107 
297.081 
297.071 
297.097 
297.148 
297.189 
297.225 
297.274 
297.328 
297.389 
297.431 
297.426 
297.415 
297.457 
297.523 
297.572 
297.595 
297.593 
297.576 
297.543 
297.501 
297.452 
297.394 
297.332 
297.299 
297.305 
297.225 
297.225 
297.248 
297.284 
297.311 
297.331 
297.342 
297.343 
297.318 
297.244 
297.184 
297.015 
297.04 
296.989 
296.905 
296.925 
296.984 
296.995 
297.015 
297.061 
297.124 
297.164 
297.206 
297.135 
297.017 
296.948 
296.914 
296.897 
296.916 
296.982 
297.062 
297.104 
297.108 
297.099 
297.119 
297.16 
297.182 
297.187 
297.209 
297.22 
297.213 
297.206 
297.205 
297.214 
297.211 
297.164 
297.111 
297.112 
297.125 
297.159 
297.195 
297.243 
297.297 
297.358 
297.417 
297.449 
297.441 
297.436 
297.47 
297.525 
297.563 
297.592 
297.615 
297.614 
297.588 
297.552 
297.505 
297.437 
297.359 
297.292 
297.265 
297.204 
297.211 
297.229 
297.265 
297.29 
297.315 
297.331 
297.342 
297.339 
297.278 
297.184 
296.987 
297.034 
297.031 
296.959 
296.879 
296.934 
296.996 
297.025 
297.097 
297.222 
297.241 
297.319 
297.38 
297.31 
297.104 
297.036 
297.075 
297.138 
297.216 
297.237 
297.206 
297.185 
297.156 
297.145 
297.162 
297.175 
297.169 
297.2 
297.208 
297.215 
297.217 
297.211 
297.231 
297.248 
297.228 
297.146 
297.129 
297.146 
297.171 
297.207 
297.255 
297.314 
297.377 
297.424 
297.447 
297.45 
297.446 
297.454 
297.48 
297.502 
297.531 
297.58 
297.611 
297.596 
297.567 
297.533 
297.464 
297.385 
297.297 
297.241 
297.184 
297.207 
297.217 
297.251 
297.273 
297.298 
297.317 
297.334 
297.348 
297.315 
297.214 
296.963 
297.008 
297.036 
297.02 
296.926 
296.862 
296.95 
297.009 
297.109 
297.214 
297.248 
297.286 
297.387 
297.392 
297.32 
297.303 
297.246 
297.262 
297.331 
297.358 
297.293 
297.251 
297.214 
297.183 
297.169 
297.153 
297.141 
297.201 
297.229 
297.272 
297.277 
297.27 
297.267 
297.278 
297.266 
297.212 
297.145 
297.163 
297.187 
297.215 
297.255 
297.32 
297.385 
297.423 
297.43 
297.434 
297.442 
297.445 
297.448 
297.456 
297.468 
297.503 
297.544 
297.552 
297.53 
297.513 
297.47 
297.407 
297.321 
297.246 
297.155 
297.199 
297.204 
297.236 
297.258 
297.28 
297.298 
297.317 
297.34 
297.341 
297.275 
297.165 
296.971 
297.015 
297.025 
297.003 
296.858 
296.885 
296.957 
297.101 
297.184 
297.262 
297.266 
297.325 
297.395 
297.342 
297.371 
297.412 
297.388 
297.322 
297.351 
297.302 
297.266 
297.235 
297.211 
297.209 
297.213 
297.247 
297.32 
297.326 
297.365 
297.334 
297.332 
297.314 
297.313 
297.299 
297.271 
297.202 
297.176 
297.199 
297.22 
297.244 
297.313 
297.389 
297.431 
297.426 
297.418 
297.438 
297.473 
297.483 
297.489 
297.501 
297.505 
297.479 
297.466 
297.453 
297.429 
297.428 
297.411 
297.347 
297.264 
297.112 
297.172 
297.184 
297.214 
297.236 
297.255 
297.27 
297.295 
297.321 
297.348 
297.345 
297.231 
296.946 
296.981 
297.003 
297.018 
296.942 
296.834 
296.889 
296.997 
297.172 
297.321 
297.304 
297.265 
297.205 
297.161 
297.415 
297.57 
297.498 
297.442 
297.31 
297.253 
297.224 
297.225 
297.274 
297.365 
297.442 
297.517 
297.544 
297.498 
297.466 
297.386 
297.365 
297.36 
297.362 
297.334 
297.325 
297.3 
297.236 
297.237 
297.243 
297.262 
297.329 
297.419 
297.479 
297.497 
297.502 
297.507 
297.551 
297.577 
297.565 
297.56 
297.544 
297.498 
297.476 
297.452 
297.379 
297.366 
297.384 
297.363 
297.288 
297.079 
297.128 
297.153 
297.183 
297.206 
297.218 
297.232 
297.266 
297.297 
297.337 
297.388 
297.318 
296.952 
296.938 
296.974 
296.997 
297.017 
296.814 
296.847 
296.836 
297.093 
297.333 
297.341 
297.235 
296.426 
296.584 
297.174 
297.499 
297.578 
297.503 
297.364 
297.314 
297.249 
297.247 
297.306 
297.449 
297.597 
297.68 
297.671 
297.624 
297.54 
297.435 
297.389 
297.395 
297.415 
297.394 
297.39 
297.41 
297.377 
297.327 
297.318 
297.35 
297.399 
297.491 
297.562 
297.616 
297.649 
297.64 
297.675 
297.696 
297.67 
297.623 
297.472 
297.539 
297.601 
297.627 
297.488 
297.385 
297.367 
297.374 
297.327 
297.231 
297.097 
297.119 
297.144 
297.168 
297.181 
297.194 
297.234 
297.273 
297.316 
297.384 
297.361 
296.982 
296.9 
296.931 
296.96 
297.031 
296.847 
296.787 
296.77 
296.837 
297.213 
297.282 
297.152 
296.552 
295.992 
297.117 
297.32 
297.796 
297.759 
297.38 
297.7 
297.684 
297.577 
297.441 
297.372 
297.463 
297.641 
297.656 
297.66 
297.583 
297.495 
297.451 
297.469 
297.511 
297.498 
297.469 
297.506 
297.521 
297.453 
297.423 
297.443 
297.459 
297.532 
297.609 
297.679 
297.72 
297.706 
297.749 
297.762 
297.753 
297.743 
297.721 
297.723 
297.791 
297.83 
297.757 
297.587 
297.458 
297.435 
297.387 
297.132 
297.105 
297.097 
297.107 
297.13 
297.155 
297.188 
297.206 
297.253 
297.282 
297.428 
297.388 
297.172 
296.872 
296.561 
296.572 
296.416 
296.159 
295.956 
296.053 
296.08 
296.279 
296.568 
296.318 
296.62 
296.353 
296.981 
297.531 
298.113 
297.892 
297.38 
297.298 
297.745 
298.112 
298.207 
297.715 
297.471 
297.546 
297.556 
297.604 
297.607 
297.589 
297.579 
297.598 
297.65 
297.654 
297.594 
297.549 
297.557 
297.521 
297.449 
297.401 
297.401 
297.491 
297.604 
297.689 
297.74 
297.71 
297.762 
297.764 
297.756 
297.758 
297.745 
297.72 
297.785 
297.898 
297.95 
297.88 
297.714 
297.561 
297.461 
297.142 
297.138 
297.11 
297.095 
297.105 
297.138 
297.162 
297.183 
297.233 
297.292 
297.33 
297.357 
297.311 
297.258 
297.017 
296.834 
297.311 
297.346 
295.936 
296.445 
295.922 
296.061 
296.413 
296.017 
296.116 
296.204 
296.794 
297.559 
298.007 
297.399 
297.074 
297.9 
297.758 
297.803 
298.248 
298.301 
298.144 
297.806 
297.678 
297.618 
297.642 
297.663 
297.709 
297.75 
297.815 
297.834 
297.752 
297.62 
297.542 
297.497 
297.378 
297.273 
297.378 
297.626 
297.733 
297.757 
297.779 
297.749 
297.78 
297.798 
297.787 
297.765 
297.736 
297.709 
297.782 
297.906 
297.991 
298.023 
297.942 
297.769 
297.588 
297.143 
297.147 
297.139 
297.118 
297.105 
297.123 
297.147 
297.164 
297.212 
297.258 
297.286 
297.31 
297.304 
297.01 
296.907 
297.064 
297.249 
297.375 
297.015 
296.441 
296.142 
296.187 
296.122 
295.942 
295.961 
296.69 
296.707 
296.463 
297.327 
297.769 
297.646 
297.841 
298.087 
297.908 
298.222 
298.702 
298.661 
298.377 
298.155 
297.935 
297.824 
297.771 
297.822 
297.92 
298.008 
298.06 
298.007 
297.856 
297.683 
297.588 
297.573 
297.703 
297.96 
298.008 
298.036 
298.035 
297.898 
297.863 
297.853 
297.873 
297.866 
297.805 
297.726 
297.568 
297.76 
297.897 
297.981 
298.029 
298.015 
297.932 
297.77 
297.11 
297.111 
297.134 
297.139 
297.123 
297.113 
297.127 
297.144 
297.192 
297.226 
297.25 
297.272 
297.05 
297.041 
296.932 
296.972 
297.09 
297.185 
297.269 
296.884 
296.537 
296.154 
296.074 
296.168 
296.208 
296.349 
296.88 
296.675 
296.881 
298.176 
298.69 
298.31 
298.108 
298.076 
298.18 
298.894 
299.495 
298.584 
298.378 
298.217 
298.084 
298.016 
298.032 
298.116 
298.122 
298.151 
298.188 
298.15 
298.03 
297.926 
298.015 
298.191 
298.358 
298.165 
298.048 
298.268 
298.228 
298.187 
298.168 
298.075 
298.016 
297.954 
297.811 
297.741 
297.709 
297.829 
297.93 
297.975 
297.982 
297.992 
297.945 
297.061 
297.053 
297.083 
297.114 
297.122 
297.102 
297.098 
297.118 
297.162 
297.19 
297.216 
297.01 
297.023 
297.048 
296.962 
296.932 
297.035 
297.14 
297.241 
297.107 
296.688 
296.482 
296.501 
296.536 
296.034 
296.227 
296.394 
296.694 
296.848 
297.498 
299.15 
298.873 
298.46 
298.629 
298.792 
298.903 
299.301 
299.242 
298.134 
298.069 
298.275 
298.308 
298.188 
298.108 
298.087 
298.071 
298.089 
298.178 
298.237 
298.207 
298.183 
298.145 
298.213 
298.263 
297.979 
298.166 
298.483 
298.615 
298.627 
298.478 
298.284 
298.19 
298.021 
297.825 
297.7 
297.734 
297.845 
297.891 
297.9 
297.946 
298.016 
297.032 
297.008 
297.021 
297.049 
297.077 
297.075 
297.063 
297.083 
297.125 
297.156 
296.964 
296.987 
296.997 
297.043 
296.999 
296.905 
296.949 
297.05 
297.423 
297.423 
296.409 
296.113 
296.374 
296.707 
296.507 
296.083 
296.299 
296.291 
297.143 
298.009 
298.807 
298.553 
298.329 
299.588 
299.46 
299.02 
299.263 
299.105 
299.072 
298.881 
298.532 
298.176 
297.742 
297.735 
297.827 
297.803 
297.872 
297.855 
297.91 
298.154 
298.284 
298.023 
297.878 
297.552 
297.936 
298.272 
298.707 
298.68 
298.47 
298.605 
298.646 
298.486 
298.353 
298.056 
297.782 
297.7 
297.765 
297.804 
297.822 
297.858 
297.916 
297.038 
296.998 
296.984 
296.983 
297.01 
297.026 
297.023 
297.043 
297.088 
296.914 
296.937 
296.957 
296.964 
297.024 
297.014 
296.903 
296.537 
297.325 
297.635 
297.447 
296.525 
296.588 
296.714 
296.696 
296.646 
296.321 
296.472 
296.492 
297.219 
297.456 
298.107 
298.368 
298.135 
297.993 
299.489 
298.875 
298.643 
298.511 
298.969 
298.95 
298.835 
298.619 
298.38 
298.351 
298.437 
298.35 
298.074 
297.971 
298.045 
298.02 
298.123 
298.154 
298.146 
297.245 
296.83 
297.022 
298.131 
298.199 
298.129 
298.398 
298.873 
298.834 
298.686 
298.399 
297.979 
297.747 
297.721 
297.73 
297.76 
297.76 
297.753 
297.061 
297.006 
296.968 
296.936 
296.943 
296.97 
296.982 
297.006 
297.055 
296.889 
296.896 
296.911 
296.916 
296.989 
297.015 
297.061 
297.265 
295.864 
296.309 
296.722 
296.565 
296.517 
296.914 
296.798 
296.448 
296.302 
296.293 
296.161 
296.992 
297.687 
297.653 
298.118 
297.921 
298.11 
298.493 
298.495 
299.813 
299.32 
299.192 
299.312 
297.948 
297.695 
297.759 
297.801 
297.553 
298.692 
298.621 
298.187 
298.079 
297.898 
298.246 
298.368 
298.182 
297.874 
297.051 
297.382 
297.594 
298.201 
298.7 
298.508 
299.158 
299.041 
298.836 
298.538 
298.237 
297.887 
297.729 
297.666 
297.7 
297.679 
297.693 
297.057 
297.004 
296.953 
296.904 
296.888 
296.921 
296.957 
296.99 
296.828 
296.85 
297.23 
297.244 
296.897 
297.397 
297.493 
297.47 
297.296 
297.097 
296.835 
296.606 
296.769 
296.614 
296.514 
296.265 
296.297 
296.415 
296.741 
295.956 
297.595 
297.693 
297.583 
298.291 
297.915 
297.705 
298.33 
298.778 
298.541 
298.346 
298.309 
298.849 
299.432 
299.244 
298.975 
298.927 
298.162 
298.142 
298.155 
298.325 
299.645 
299.677 
299.167 
298.621 
298.237 
297.979 
297.528 
296.818 
296.141 
296.828 
298.42 
299.135 
299.824 
299.929 
299.774 
298.989 
298.87 
298.068 
297.794 
297.617 
297.64 
297.653 
297.726 
297.046 
296.98 
296.918 
296.868 
296.848 
296.889 
296.954 
296.798 
297.116 
297.185 
297.099 
297.134 
297.095 
297.011 
297.096 
297.454 
297.262 
296.975 
296.329 
296.796 
296.909 
296.711 
296.472 
296.548 
296.024 
296.08 
297.103 
298.102 
298.442 
297.218 
297.504 
298.369 
299.155 
298.84 
299.033 
297.838 
296.877 
296.615 
297.044 
297.96 
298.88 
298.978 
298.881 
298.872 
298.961 
298.863 
298.853 
299.186 
298.554 
299.866 
298.778 
297.375 
296.438 
296.681 
297.124 
296.73 
295.701 
295.953 
297.38 
298.703 
299.71 
298.928 
299.364 
298.139 
298.773 
298.489 
297.848 
297.606 
297.586 
297.631 
297.707 
297.063 
296.96 
296.856 
296.647 
296.811 
296.703 
296.757 
297.014 
296.728 
297.081 
297.034 
297.087 
296.848 
297.029 
297.075 
296.882 
296.309 
295.785 
296.343 
296.632 
297.868 
298.032 
296.476 
296.348 
296.546 
296.415 
297.549 
298.67 
297.627 
296.587 
296.692 
297.965 
299.012 
298.998 
297.97 
296.514 
295.279 
294.982 
295.534 
296.687 
297.959 
298.523 
298.746 
298.81 
298.88 
298.206 
298.231 
299.317 
299.87 
299.75 
297.917 
296.587 
295.038 
295.296 
296.234 
296.627 
296.247 
295.64 
295.872 
296.752 
297.45 
297.954 
298.505 
299.399 
298.964 
298.413 
298.118 
297.354 
297.491 
297.618 
297.689 
297.092 
296.962 
296.652 
296.594 
296.621 
296.678 
296.708 
296.853 
296.692 
296.493 
296.353 
296.499 
297.253 
296.924 
296.956 
296.881 
297.346 
296.209 
296.562 
296.838 
297.372 
297.787 
296.52 
297.681 
297.671 
296.471 
297.391 
297.7 
297.252 
296.66 
296.496 
296.893 
297.509 
297.309 
296.146 
295.294 
294.967 
294.695 
295.004 
296.22 
297.42 
297.859 
298.667 
298.535 
298.651 
298.62 
298.681 
299.212 
299.816 
299.094 
298.318 
296.473 
294.704 
294.294 
294.914 
295.984 
297.065 
297.237 
296.4 
295.298 
295.971 
296.97 
297.604 
299.127 
299.05 
298.457 
297.803 
297.505 
297.606 
297.624 
297.691 
296.843 
296.772 
296.665 
296.593 
296.581 
296.635 
296.703 
296.785 
296.607 
296.615 
296.405 
296.46 
296.617 
296.768 
296.755 
296.897 
297.436 
296.319 
296.277 
296.547 
295.88 
297.202 
296.33 
297.714 
297.825 
296.745 
297.191 
297.659 
297.393 
297.611 
297.372 
296.692 
296.029 
295.069 
294.299 
294.868 
295.772 
296.046 
296.117 
296.663 
297.473 
297.928 
298.716 
298.359 
298.525 
298.418 
298.534 
299.064 
299.656 
299.647 
297.859 
296.976 
295.299 
294.479 
294.431 
295.724 
297.389 
297.804 
297.754 
296.801 
296.734 
296.87 
297.108 
297.706 
298.555 
298.325 
297.87 
297.501 
297.576 
297.621 
297.638 
296.784 
296.751 
296.714 
296.66 
296.539 
296.674 
296.689 
296.559 
297.064 
297.079 
296.975 
296.988 
297.206 
297.346 
297.402 
297.567 
296.724 
296.284 
297.333 
295.932 
295.701 
295.871 
296.739 
297.585 
297.778 
297.932 
296.995 
297.849 
298.391 
298.624 
298.366 
297.188 
295.568 
294.221 
293.666 
294.52 
296.095 
297.238 
297.458 
297.284 
298.014 
297.454 
298.598 
298.638 
298.797 
298.696 
298.661 
299.035 
299.183 
299.062 
297.272 
297.149 
296.777 
295.795 
295.744 
297.063 
297.538 
299.429 
299.321 
297.746 
298.072 
297.331 
297.435 
297.716 
297.789 
298.072 
297.345 
297.591 
297.456 
297.594 
297.223 
296.745 
296.717 
296.804 
296.816 
296.709 
296.399 
296.723 
296.946 
296.963 
296.999 
296.296 
296.338 
297.102 
297.302 
297.384 
297.521 
297.498 
297.584 
297.496 
297.482 
296.401 
297.497 
296.44 
296.611 
297.575 
297.993 
297.875 
297.878 
298.577 
298.701 
298.847 
297.653 
296.276 
294.702 
293.472 
293.935 
295.573 
297.048 
297.775 
297.817 
298.44 
298.47 
298.632 
298.88 
298.929 
298.866 
298.499 
298.648 
298.594 
297.647 
297.034 
297.311 
297.072 
297.26 
297.294 
297.499 
299.17 
299.391 
298.456 
298.056 
298.131 
297.8 
297.189 
297.079 
297.381 
297.702 
297.609 
297.515 
297.45 
297.5 
297.485 
296.918 
296.822 
296.709 
296.887 
296.696 
296.709 
296.371 
296.552 
296.472 
296.9 
296.951 
297.014 
297.12 
297.294 
297.351 
297.416 
297.174 
297.327 
297.326 
297.53 
297.816 
297.599 
297.067 
297.544 
297.487 
297.955 
297.94 
298.891 
299.045 
298.348 
298.199 
297.561 
296.823 
295.476 
294.069 
293.981 
295.08 
296.321 
297.241 
297.684 
297.724 
298.339 
298.401 
298.601 
298.737 
298.692 
298.291 
298.246 
296.631 
296.08 
296.986 
297.174 
297.989 
298.178 
298.241 
298.874 
298.704 
298.419 
297.827 
297.64 
297.686 
297.609 
297.227 
296.949 
297.033 
297.314 
297.471 
297.401 
297.359 
297.39 
297.651 
297.548 
297.341 
296.97 
296.972 
296.883 
296.733 
296.482 
296.432 
296.454 
296.552 
296.826 
296.952 
297.078 
297.247 
297.285 
297.393 
296.726 
297.31 
297.125 
297.299 
297.948 
298.209 
298.082 
297.814 
297.635 
297.792 
298.415 
299.09 
298.081 
297.959 
297.293 
297.52 
297.526 
296.376 
295.121 
295.162 
295.658 
295.786 
297.043 
297.305 
296.688 
297.953 
297.817 
297.954 
298.136 
298.272 
298.118 
298.093 
297.728 
296.732 
297.09 
298.052 
298.237 
298.34 
298.365 
298.092 
297.489 
297.256 
297.101 
297.327 
297.521 
297.455 
297.198 
297.069 
297.138 
297.3 
297.183 
296.902 
297.365 
297.344 
297.537 
297.651 
297.326 
297.237 
297.039 
296.741 
296.8 
296.635 
296.351 
296.874 
296.793 
296.817 
296.933 
296.584 
297.143 
297.204 
297.448 
297.041 
296.993 
296.555 
295.976 
297.938 
297.968 
298.033 
297.942 
297.643 
297.701 
298.269 
298.903 
297.91 
297.799 
297.013 
297.39 
298.029 
297.622 
296.931 
297.045 
297.641 
297.688 
297.619 
297.801 
297.745 
297.13 
297.014 
296.927 
296.851 
297.942 
297.855 
297.804 
297.623 
297.496 
297.586 
297.749 
297.778 
297.705 
297.667 
297.501 
297.2 
297.039 
297.068 
297.308 
297.414 
297.309 
297.089 
297.044 
297.185 
297.24 
297.279 
297.417 
297.449 
296.958 
297.202 
297.327 
297.285 
297.473 
297.248 
296.784 
296.822 
296.779 
296.694 
296.82 
296.749 
296.83 
296.544 
296.952 
296.457 
296.505 
297.141 
297.102 
297.315 
297.804 
296.286 
297.9 
297.91 
298.042 
298.183 
297.743 
297.661 
297.513 
298.447 
298.807 
297.914 
297.513 
297.201 
298.7 
298.874 
298.944 
298.534 
298.358 
298.427 
298.501 
298.26 
298.241 
297.727 
298.014 
297.893 
297.558 
297.458 
297.576 
297.568 
297.663 
297.681 
297.553 
297.581 
297.722 
297.63 
297.534 
297.434 
297.366 
297.365 
297.307 
297.293 
297.237 
297.215 
297.152 
297.124 
297.211 
297.235 
297.571 
297.495 
297.532 
297.226 
297.238 
297.295 
297.625 
297.198 
297.276 
296.857 
296.898 
296.982 
296.892 
296.776 
296.761 
296.575 
296.553 
296.366 
296.998 
296.55 
296.989 
297.194 
297.98 
297.315 
296.852 
297.919 
298.034 
298.202 
298.388 
298.055 
297.821 
297.642 
297.753 
298.597 
298.846 
298.947 
298.974 
298.949 
298.927 
298.993 
298.693 
298.537 
298.518 
298.423 
298.305 
298.156 
297.97 
297.827 
297.773 
297.736 
297.605 
297.456 
297.478 
297.681 
297.754 
297.665 
297.536 
297.477 
297.452 
297.398 
297.467 
297.414 
297.341 
297.27 
297.167 
297.117 
297.124 
297.439 
297.352 
297.342 
297.551 
297.653 
297.637 
297.677 
297.711 
297.471 
297.5 
297.4 
297.619 
297.37 
297.257 
296.616 
296.543 
296.534 
296.345 
296.447 
296.628 
296.468 
296.346 
296.93 
297.277 
297.695 
297.226 
297.939 
298.082 
297.382 
297.957 
298.371 
297.072 
298.543 
298.229 
297.914 
297.82 
297.658 
298.116 
298.977 
299.133 
299.195 
299.084 
298.918 
298.894 
298.802 
298.546 
298.436 
298.249 
298.047 
297.857 
297.731 
297.63 
297.625 
297.597 
297.629 
297.519 
297.518 
297.451 
297.233 
297.199 
297.274 
297.372 
297.424 
297.37 
297.35 
297.378 
297.251 
297.138 
297.071 
297.064 
297.11 
297.314 
297.242 
297.245 
297.492 
297.694 
297.69 
297.677 
297.718 
297.324 
298.745 
298.067 
297.536 
297.237 
297.185 
296.669 
296.378 
296.568 
296.36 
296.529 
296.572 
296.464 
296.302 
296.393 
296.708 
297.705 
297.764 
297.889 
297.965 
297.048 
298.114 
298.581 
297.913 
297.248 
298.31 
297.871 
297.895 
297.816 
298.221 
299.032 
299.038 
299.005 
299.024 
298.929 
298.896 
298.868 
298.787 
298.638 
298.348 
297.988 
297.678 
297.471 
297.496 
297.583 
297.347 
297.673 
297.621 
297.535 
297.399 
297.102 
296.942 
296.944 
297.085 
297.174 
297.244 
297.212 
297.22 
297.19 
297.1 
297.037 
297.064 
297.096 
297.04 
297.149 
297.309 
297.508 
297.598 
297.639 
297.633 
297.379 
297.751 
298.376 
298.352 
297.734 
297.279 
297.146 
297.041 
296.368 
296.27 
296.633 
296.489 
296.486 
296.873 
296.311 
296.488 
297.016 
297.329 
297.32 
297.804 
297.908 
297.276 
298.094 
297.72 
297.515 
298.446 
298.239 
297.914 
298.044 
298.008 
298.29 
298.366 
298.918 
298.823 
299.119 
299.326 
299.154 
298.974 
298.884 
298.847 
298.72 
298.448 
298.092 
297.248 
297.631 
297.607 
297.752 
297.73 
297.575 
297.449 
297.301 
297.128 
296.943 
296.834 
296.864 
296.935 
297.098 
297.114 
297.109 
297.104 
297.048 
297.033 
297.059 
296.728 
297.052 
297.136 
297.498 
297.608 
297.438 
297.442 
297.49 
297.589 
297.638 
298.929 
298.07 
298.017 
296.934 
296.734 
296.586 
296.44 
296.321 
296.439 
296.423 
296.402 
296.325 
296.299 
296.553 
297.148 
297.813 
297.76 
297.281 
297.4 
297.386 
298.003 
296.497 
296.458 
296.67 
296.387 
296.706 
297.448 
298.214 
298.04 
297.798 
298.179 
298.244 
299.223 
299.785 
299.504 
299.214 
299.051 
298.922 
298.868 
298.777 
297.64 
297.571 
298.177 
297.894 
297.753 
297.755 
297.572 
297.281 
297.078 
297.057 
297.03 
296.871 
296.691 
296.698 
296.789 
296.855 
296.95 
296.976 
296.93 
296.951 
296.964 
297.228 
297.091 
297.199 
297.684 
297.696 
297.394 
297.363 
297.447 
297.553 
297.698 
298.957 
298.438 
297.711 
297.112 
296.666 
296.574 
296.524 
296.341 
296.376 
296.309 
296.338 
296.343 
296.313 
296.731 
297.26 
297.424 
296.993 
297.293 
297.588 
297.479 
298.049 
296.905 
296.06 
296.441 
295.912 
296.443 
297.986 
297.99 
297.853 
297.223 
297.142 
298.046 
298.262 
299.166 
297.732 
298.392 
298.814 
298.409 
297.586 
297.72 
298.722 
298.5 
298.373 
297.747 
298.057 
297.78 
297.622 
297.322 
297.024 
296.945 
296.943 
296.894 
296.744 
296.76 
296.691 
296.783 
296.923 
296.946 
296.576 
296.605 
296.831 
297.315 
297.219 
297.264 
297.607 
297.601 
297.447 
297.424 
297.386 
297.48 
297.653 
298.998 
298.485 
297.798 
296.989 
296.546 
296.553 
296.591 
296.293 
296.249 
296.192 
296.323 
296.351 
296.615 
296.825 
297.223 
297.201 
297.189 
297.447 
297.5 
297.437 
298.112 
297.827 
297.357 
295.954 
296.005 
296.426 
297.623 
297.546 
297.2 
296.883 
296.845 
297.213 
297.1 
297.067 
297.982 
299.053 
298.98 
298.726 
297.762 
298.87 
298.45 
298.339 
298.304 
298.354 
298.271 
298.08 
297.697 
297.384 
297.2 
297.031 
296.98 
296.919 
296.802 
296.783 
296.713 
296.728 
296.614 
296.652 
296.814 
296.541 
297.173 
297.413 
297.424 
297.391 
297.231 
297.185 
297.431 
297.486 
297.397 
297.378 
297.543 
298.821 
298.38 
298.086 
297.377 
296.546 
296.43 
296.444 
296.344 
296.185 
296.159 
296.363 
296.353 
296.445 
296.894 
297.642 
297.224 
297.368 
297.424 
297.258 
297.297 
298.12 
298.185 
296.634 
297.119 
296.874 
296.571 
297.347 
296.938 
296.42 
296.054 
295.71 
296.009 
296.355 
296.134 
296.689 
297.925 
298.721 
298.608 
298.095 
299.114 
298.368 
298.029 
298.144 
298.262 
298.251 
298.174 
297.896 
297.489 
297.291 
297.155 
297.059 
296.959 
296.786 
296.647 
296.733 
296.746 
296.681 
296.716 
296.632 
296.733 
296.903 
297.062 
296.988 
297.243 
297.318 
297.14 
297.175 
297.519 
297.48 
297.403 
297.477 
298.695 
298.416 
298.046 
297.565 
296.876 
296.329 
296.473 
296.37 
296.229 
296.158 
296.38 
296.432 
296.519 
297.366 
297.533 
297.374 
297.446 
297.276 
297.988 
297.706 
297.711 
298.335 
298.014 
296.49 
297.105 
297.16 
297.32 
296.536 
296.317 
295.968 
295.143 
295.042 
295.508 
295.149 
294.98 
295.85 
297.234 
298.66 
299.239 
299.306 
298.891 
297.909 
297.775 
297.995 
298.049 
298.046 
297.943 
297.677 
297.455 
297.257 
297.064 
296.952 
296.829 
296.651 
296.692 
296.487 
296.603 
296.683 
296.626 
296.637 
296.831 
296.988 
297.004 
297.093 
297.22 
297.089 
297.441 
297.522 
297.552 
297.495 
297.508 
298.745 
298.296 
297.937 
297.641 
297.22 
296.605 
296.54 
296.396 
296.291 
296.346 
296.516 
296.41 
296.341 
296.649 
297.058 
297.829 
297.291 
297.938 
297.762 
297.811 
297.586 
298.327 
298.342 
296.938 
296.614 
297.333 
297.523 
297.599 
297.243 
296.535 
295.289 
294.69 
295.221 
294.476 
293.955 
294.434 
295.982 
297.421 
299.142 
299.333 
299.197 
298.876 
298.089 
297.759 
297.715 
297.76 
297.805 
297.683 
297.593 
297.41 
297.181 
297.006 
296.892 
296.727 
296.469 
296.378 
296.577 
296.707 
296.754 
296.672 
296.682 
296.876 
296.824 
296.827 
296.98 
296.934 
297.403 
297.488 
297.553 
297.53 
297.531 
298.77 
298.215 
297.844 
297.648 
297.376 
296.937 
296.669 
296.395 
296.187 
296.466 
296.482 
296.276 
296.368 
296.687 
297.371 
297.785 
297.949 
297.311 
297.885 
297.834 
297.567 
297.543 
297.866 
297.788 
296.793 
296.791 
297.817 
298.188 
298.287 
298.275 
296.383 
294.995 
295.268 
294.904 
294.699 
295.152 
295.789 
297.38 
299.056 
299.318 
299.211 
299.172 
298.997 
298.47 
297.909 
297.668 
297.614 
297.525 
297.468 
297.419 
297.298 
297.091 
296.921 
296.808 
296.517 
296.353 
296.801 
296.959 
296.973 
296.746 
296.621 
296.696 
296.724 
296.654 
296.677 
296.692 
296.839 
297.423 
297.509 
297.524 
297.523 
298.062 
297.499 
297.168 
297.151 
296.991 
296.802 
296.651 
296.312 
296.31 
296.323 
296.294 
296.133 
296.44 
297.441 
297.557 
297.688 
297.261 
297.813 
297.736 
297.403 
297.452 
298.099 
297.888 
297.877 
298.614 
297.268 
296.873 
297.282 
297.377 
298.137 
298.276 
297.124 
296.835 
295.955 
295.646 
296.058 
296.554 
298.123 
299.055 
299.365 
299.211 
299.15 
299.176 
299.042 
298.577 
297.965 
297.709 
297.585 
297.351 
297.241 
297.224 
297.17 
297.019 
296.892 
296.74 
296.892 
296.984 
297.264 
297.342 
296.909 
296.671 
296.846 
297.28 
297.177 
296.599 
296.417 
296.491 
296.728 
297.419 
297.455 
297.499 
296.459 
296.239 
295.818 
296.022 
296.341 
296.418 
296.258 
296.198 
296.221 
296.145 
296.152 
296.396 
296.767 
296.908 
297.029 
297.068 
297.876 
297.578 
297.315 
297.53 
297.911 
298.047 
297.487 
297.479 
297.885 
298.339 
298.28 
297.984 
298.139 
297.193 
297.885 
298.183 
298.207 
297.232 
296.822 
296.78 
297.854 
298.593 
299.237 
299.406 
299.314 
299.122 
299.119 
299.117 
298.816 
298.317 
297.924 
297.681 
297.483 
297.263 
297.123 
297.151 
297.07 
296.972 
296.738 
296.963 
297 
297.222 
297.35 
297.376 
297.314 
297.323 
297.377 
297.243 
297.054 
296.492 
296.481 
296.628 
297.215 
297.324 
297.391 
295.76 
295.718 
295.272 
295.422 
296.107 
296.481 
296.351 
295.936 
295.879 
295.711 
296.169 
296.634 
296.862 
296.895 
296.888 
297.033 
297.395 
297.681 
297.455 
297.828 
298.039 
297.743 
297.634 
297.751 
297.952 
297.662 
297.37 
296.836 
297.125 
298.657 
298.516 
299.125 
298.662 
297.604 
297.722 
298.182 
297.689 
298.531 
299.438 
299.415 
299.353 
299.137 
298.954 
298.953 
298.812 
298.652 
298.412 
297.912 
297.496 
297.281 
297.195 
297.17 
297.077 
296.982 
296.756 
296.575 
296.985 
297.195 
297.415 
297.468 
297.325 
297.311 
297.466 
297.37 
297.178 
297.021 
296.953 
296.973 
297.094 
297.171 
297.226 
295.369 
295.179 
294.464 
295.232 
295.564 
295.954 
295.684 
295.458 
295.556 
295.852 
296.39 
296.771 
296.933 
296.784 
296.875 
297.193 
297.474 
297.531 
297.733 
298.006 
298.09 
297.733 
297.672 
297.689 
297.365 
297.493 
297.723 
297.735 
298.716 
298.821 
298.678 
298.857 
299.422 
299.138 
298.96 
298.814 
299.361 
299.605 
299.536 
299.442 
299.362 
299.242 
298.885 
297.909 
298.795 
298.682 
298.701 
298.356 
297.816 
297.267 
297.181 
297.225 
297.103 
296.927 
296.732 
296.58 
296.609 
296.749 
297.292 
297.569 
297.359 
297.174 
297.343 
297.369 
297.281 
297.057 
296.947 
296.882 
296.921 
297.025 
297.056 
296.048 
295.34 
294.948 
295.348 
295.955 
295.953 
295.707 
296.172 
296.043 
297.033 
296.612 
296.936 
296.915 
297.215 
297.179 
297.398 
297.284 
297.52 
297.9 
298.003 
297.975 
297.912 
297.887 
297.492 
297.212 
297.563 
298.249 
298.187 
297.35 
297.804 
298.789 
298.259 
299.077 
298.7 
298.537 
299.08 
299.486 
299.671 
299.574 
299.469 
299.38 
299.304 
299.128 
297.915 
297.933 
298.496 
298.412 
297.694 
298.086 
297.774 
297.32 
297.159 
297.084 
296.83 
296.613 
296.523 
296.512 
296.617 
296.729 
297.479 
297.449 
297.172 
296.988 
297.252 
297.218 
297.117 
297.004 
296.876 
296.806 
296.819 
296.838 
296.058 
295.829 
294.961 
295.289 
295.388 
295.768 
296.264 
296.737 
296.831 
297.094 
297.162 
297.032 
296.989 
297.119 
297.391 
297.411 
297.265 
297.582 
297.886 
297.743 
297.847 
298.087 
298.017 
297.246 
297.31 
297.919 
298.359 
297.957 
297.518 
299.004 
298.867 
298.605 
298.667 
298.427 
298.472 
298.979 
299.443 
299.67 
299.536 
299.388 
299.279 
299.22 
299.232 
298.97 
298.447 
297.821 
297.789 
297.997 
297.683 
297.91 
297.643 
297.308 
297.117 
296.693 
296.492 
296.372 
296.556 
296.397 
296.375 
296.781 
297.434 
297.304 
296.988 
297.09 
297.272 
297.243 
297.148 
297.068 
296.909 
296.823 
296.794 
296.065 
295.523 
295.473 
294.914 
295.242 
295.808 
296.614 
297.033 
296.791 
296.971 
296.873 
297.352 
296.973 
297.309 
297.369 
297.106 
297.252 
297.78 
297.846 
297.647 
297.738 
298.092 
297.926 
297.591 
297.604 
297.812 
297.748 
297.969 
297.65 
298.983 
298.73 
298.586 
298.612 
298.586 
298.377 
298.813 
299.296 
299.571 
299.416 
299.205 
299.091 
299.048 
299.133 
299.196 
298.832 
297.872 
297.633 
297.912 
297.797 
297.814 
297.721 
297.503 
297.26 
296.678 
296.407 
296.493 
296.633 
296.425 
296.51 
296.592 
296.773 
297.306 
297.162 
297.172 
297.405 
297.445 
297.414 
297.332 
297.123 
297.055 
296.939 
296.741 
296.274 
295.379 
295.256 
295.31 
295.938 
296.445 
296.562 
296.897 
296.906 
297.144 
296.861 
297.16 
297.38 
297.101 
297.102 
297.471 
297.775 
297.621 
297.638 
297.862 
297.929 
297.958 
297.894 
297.663 
298.781 
298.131 
298.525 
299.259 
299.002 
298.447 
297.436 
297.377 
298.489 
298.144 
298.713 
299.113 
299.432 
299.136 
299.029 
298.962 
298.938 
299.048 
298.669 
299.252 
298.663 
298.191 
297.964 
297.683 
297.718 
297.706 
297.422 
297.218 
296.507 
296.198 
296.455 
296.697 
296.835 
296.783 
296.59 
296.526 
296.462 
297.154 
297.277 
297.487 
297.592 
297.551 
297.549 
297.461 
297.297 
297.166 
297.001 
296.574 
295.828 
295.311 
295.765 
296.049 
296.132 
296.306 
296.946 
296.999 
296.719 
296.983 
297.505 
297.419 
297.223 
297.254 
297.611 
297.595 
297.657 
297.93 
297.898 
297.86 
297.931 
298.43 
298.498 
298.777 
297.481 
298.044 
299.386 
299.185 
298.492 
297.352 
297.171 
298.571 
298.152 
298.717 
299.024 
299.308 
299.422 
298.907 
298.761 
298.668 
298.813 
299.122 
299.288 
299.146 
297.228 
297.336 
297.317 
297.513 
297.358 
297.269 
297.025 
296.689 
296.769 
296.7 
296.92 
297.217 
297.311 
296.899 
296.445 
296.273 
296.214 
296.455 
296.653 
297.19 
297.614 
297.589 
297.553 
297.374 
297.247 
297.274 
297.084 
296.039 
295.489 
295.637 
295.491 
295.681 
295.987 
296.796 
296.622 
296.903 
297.188 
297.341 
297.31 
297.38 
297.638 
297.701 
297.645 
297.793 
297.947 
297.854 
297.776 
298.092 
297.916 
297.294 
298.854 
299.06 
299.407 
299.457 
299.159 
298.035 
297.244 
297.941 
297.736 
298.033 
298.786 
298.958 
298.924 
299.377 
298.958 
298.819 
298.638 
298.664 
298.68 
299.179 
299.172 
298.257 
298.554 
297.374 
297.343 
297.31 
297.394 
297.423 
297.18 
296.725 
296.742 
297.016 
297.461 
297.467 
297.133 
296.508 
296.413 
296.143 
296.398 
296.609 
296.834 
296.943 
297.018 
297.414 
296.4 
296.222 
297.461 
297.335 
296.709 
296.475 
296.112 
295.552 
295.793 
295.922 
296.085 
296.325 
296.73 
297.048 
297.133 
297.43 
297.648 
297.773 
297.526 
297.564 
297.917 
297.928 
297.698 
297.814 
298.104 
297.852 
298.738 
298.995 
298.188 
299.47 
298.214 
298.186 
298.242 
297.727 
297.798 
297.821 
298.393 
297.707 
298.599 
298.862 
299.269 
298.969 
298.825 
298.596 
298.488 
298.489 
298.675 
298.78 
298.546 
297.414 
297.825 
297.417 
297.12 
297.443 
297.442 
296.991 
296.74 
297.062 
297.398 
297.298 
297.414 
297.003 
296.579 
296.343 
296.291 
296.652 
296.85 
296.916 
296.854 
297.084 
296.894 
295.95 
295.76 
297.44 
297.266 
297.264 
296.752 
296.866 
295.872 
295.917 
296.104 
295.714 
295.748 
296.131 
296.752 
297.014 
297.348 
297.741 
297.643 
297.641 
297.701 
297.901 
297.621 
297.614 
297.8 
298.1 
297.958 
298.146 
297.729 
298.348 
298.579 
298.465 
298.234 
297.819 
297.797 
297.783 
297.774 
298.534 
298.072 
298.359 
298.854 
299.175 
298.871 
298.865 
298.699 
298.605 
298.711 
298.646 
298.538 
298.694 
297.665 
297.812 
297.383 
296.99 
297.167 
296.923 
296.806 
296.831 
296.934 
297.582 
297.325 
297.329 
296.968 
296.428 
296.13 
296.297 
296.623 
296.788 
296.845 
296.898 
296.973 
296.851 
296.196 
295.46 
296.899 
297.041 
297.35 
297.749 
297.197 
296.532 
296.077 
296.031 
295.919 
295.913 
295.924 
296.221 
296.761 
297.321 
297.72 
297.711 
297.745 
297.808 
297.913 
297.578 
298.194 
298.214 
298.04 
298.277 
298.321 
298.357 
297.63 
298.238 
298.594 
297.875 
297.657 
297.75 
297.965 
297.516 
297.74 
298.204 
297.751 
299.219 
299.005 
298.891 
298.809 
298.74 
298.716 
298.675 
298.963 
299.037 
298.709 
299.137 
297.88 
298.2 
297.058 
297.015 
296.996 
296.795 
297.677 
298.038 
297.652 
297.152 
297.204 
297.151 
296.808 
296.268 
296.262 
296.376 
296.748 
296.767 
296.825 
296.967 
296.792 
296.465 
295.956 
296.878 
297.267 
297.8 
297.833 
297.516 
297.171 
296.588 
296.069 
295.941 
295.978 
295.737 
295.972 
296.448 
297.423 
297.686 
297.641 
297.818 
298.089 
297.674 
297.567 
297.652 
297.659 
297.78 
298.245 
298.896 
299.155 
298.729 
298.021 
298.086 
298.169 
298.177 
298.314 
298.746 
298.735 
298.722 
298.211 
298.542 
298.713 
299.115 
298.849 
298.678 
298.781 
298.813 
298.98 
299.072 
299.519 
298.833 
297.679 
297.785 
297.889 
297.352 
296.977 
296.59 
297.196 
298.678 
298.974 
297.776 
297.155 
296.862 
296.76 
296.275 
295.918 
296.277 
296.516 
296.662 
296.699 
296.903 
297.098 
296.805 
296.455 
296.102 
296.986 
297.598 
297.961 
297.967 
297.785 
297.658 
297.468 
296.649 
296.218 
296.096 
296.398 
296.122 
296.579 
297.296 
297.765 
297.835 
297.991 
298.133 
297.851 
297.655 
297.895 
297.373 
297.44 
298.426 
299.44 
299.373 
299.099 
298.748 
297.832 
298.077 
298.699 
298.559 
299.008 
298.741 
298.865 
299.532 
299.464 
299.117 
299.15 
298.834 
298.285 
298.642 
298.871 
298.845 
298.934 
299.117 
298.628 
297.822 
297.951 
298.188 
297.662 
296.932 
297.141 
297.7 
298.395 
298.56 
297.891 
297.383 
296.721 
296.802 
296.62 
296.441 
296.117 
296.317 
296.547 
296.671 
297.007 
297.435 
296.469 
296.423 
296.175 
296.673 
297.685 
297.898 
297.798 
297.888 
297.824 
297.459 
297.391 
296.765 
296.173 
296.316 
296.458 
296.787 
297.185 
297.697 
297.769 
297.992 
298.028 
298.056 
298.107 
298.083 
297.696 
297.581 
298.313 
299.286 
299.476 
299.497 
298.8 
298.465 
298.304 
299.039 
299.153 
299.105 
299.895 
300.042 
299.398 
299.635 
299.363 
299.381 
298.833 
298.666 
298.707 
298.621 
298.612 
299.004 
299.018 
298.584 
298.294 
298.094 
298.339 
297.827 
296.952 
296.535 
297.087 
298.04 
298.234 
298.212 
298.307 
297.639 
297.214 
295.892 
296.72 
296.573 
296.18 
296.322 
296.532 
296.655 
296.568 
296.714 
296.617 
296.538 
295.452 
296.716 
297.008 
297.64 
297.78 
298.023 
297.776 
297.795 
297.799 
297.031 
296.634 
296.562 
296.803 
297.004 
297.519 
297.423 
297.154 
297.276 
297.637 
298.148 
298.361 
298.043 
297.838 
298.068 
298.98 
299.305 
299.247 
299.159 
298.634 
298.474 
298.928 
299.67 
300.067 
299.862 
299.662 
300.073 
300.556 
300.124 
298.854 
298.347 
298.182 
298.14 
297.592 
298.325 
298.488 
298.261 
298.44 
298.005 
298.093 
298.365 
297.96 
296.962 
297.337 
297.281 
298 
298.289 
299.723 
299.778 
298.482 
297.398 
297.849 
298.528 
297.12 
296.233 
296.272 
296.289 
296.572 
297.285 
297.385 
297.147 
296.859 
294.003 
295.192 
296.132 
296.993 
297.332 
297.472 
297.601 
297.742 
298.11 
297.712 
297.499 
297.108 
296.859 
296.816 
296.713 
296.17 
295.516 
295.574 
296.551 
297.649 
298.443 
298.336 
298.095 
298.031 
298.516 
298.744 
298.847 
298.588 
298.273 
298.108 
298.292 
298.202 
297.752 
297.51 
298.305 
299.486 
300.049 
299.731 
298.97 
298.206 
297.207 
297.774 
297.875 
298.103 
298.084 
298.022 
298.295 
298.212 
298.642 
298.499 
297.953 
296.991 
296.678 
297.055 
297.579 
299.187 
299.931 
299.819 
299.077 
297.672 
297.993 
298.735 
298.211 
296.686 
296.479 
296.406 
296.809 
297.103 
297.945 
297.873 
297.406 
293.07 
293.838 
294.833 
295.912 
296.48 
297.133 
297.367 
297.729 
297.926 
297.793 
297.681 
297.482 
297.389 
297.025 
296.723 
296.133 
295.214 
294.61 
295.166 
296.329 
297.774 
298.424 
298.492 
298.289 
298.012 
297.481 
296.888 
296.745 
296.932 
297.066 
297.026 
296.341 
295.235 
294.683 
295.608 
297.429 
298.847 
299.11 
298.669 
297.966 
296.986 
297.725 
297.555 
297.307 
297.669 
297.887 
298.053 
298.031 
298.599 
298.503 
297.702 
296.999 
296.668 
296.92 
297.409 
298.98 
297.269 
298.496 
299.228 
297.637 
297.66 
297.969 
298.246 
297.035 
296.151 
296.443 
296.688 
297.36 
297.974 
298.759 
298.125 
292.818 
292.813 
293.278 
294.265 
295.508 
296.119 
296.274 
296.782 
297.367 
297.813 
297.586 
296.899 
296.969 
297.376 
297.02 
296.524 
296.133 
295.369 
294.769 
295.032 
296.23 
297.511 
298.417 
298.316 
297.805 
296.604 
294.886 
293.915 
294.234 
295.148 
295.263 
294.442 
293.63 
292.848 
293.115 
295.293 
297.323 
298.226 
298.451 
298.146 
296.994 
298.077 
298.175 
297.987 
297.431 
297.803 
298.631 
299.12 
298.542 
297.87 
297.501 
296.955 
296.799 
297.388 
298.392 
298.321 
297.68 
298.822 
298.392 
300.358 
299.241 
299.853 
299.031 
298.04 
296.781 
297.121 
297.205 
297.114 
297.752 
298.118 
298.558 
292.742 
292.542 
292.619 
293.208 
294.27 
294.999 
295.184 
295.293 
296.446 
297.791 
297.744 
296.993 
296.785 
297.216 
297.156 
296.752 
296.759 
296.443 
295.64 
294.836 
294.895 
296.005 
297.299 
297.669 
297.605 
296.56 
294.507 
292.539 
292.074 
292.846 
292.903 
291.986 
291.527 
291.213 
291.541 
293.685 
295.979 
297.274 
298.049 
298.317 
298.397 
297.561 
297.182 
297.531 
298.774 
298.751 
298.651 
298.937 
298.345 
297.432 
297.349 
296.935 
297.055 
298.587 
298.213 
297.563 
298.078 
299.194 
300.009 
300.821 
300.268 
299.696 
299.444 
298.605 
297.769 
297.539 
297.851 
296.977 
297.28 
297.878 
297.931 
292.85 
292.618 
292.677 
292.778 
293.287 
294.065 
294.669 
294.983 
295.484 
297.039 
297.523 
297.463 
297.12 
296.646 
296.619 
296.373 
296.603 
296.698 
296.445 
295.971 
295.138 
295.127 
295.279 
296.012 
296.661 
296.614 
295.496 
293.543 
292.107 
291.898 
291.646 
290.952 
290.39 
290.328 
291.106 
293.163 
295.338 
296.796 
297.882 
298.056 
298.629 
298.565 
298.271 
298.539 
298.327 
298.113 
298.664 
298.258 
297.947 
297.456 
297.567 
296.839 
297.656 
298.656 
299.075 
298.061 
298.521 
298.722 
299.139 
299.52 
299.087 
298.163 
298.008 
299.605 
299.599 
298.768 
298.491 
298.28 
298.049 
297.913 
297.503 
292.585 
292.612 
292.875 
292.845 
292.915 
293.345 
294.085 
294.606 
295.44 
295.809 
296.511 
296.879 
296.985 
295.992 
295.853 
296.022 
296.523 
296.545 
296.712 
296.859 
296.308 
295.378 
294.217 
293.89 
294.473 
295.334 
295.689 
294.608 
293.082 
292.345 
291.822 
291.215 
290.541 
290.417 
291.309 
293.264 
295.305 
296.742 
297.746 
298.504 
298.945 
299.138 
298.971 
298.641 
298.76 
298.379 
298.717 
298.678 
298.298 
298.123 
297.862 
296.844 
296.955 
298.659 
299.094 
298.584 
298.014 
297.586 
297.745 
298.187 
297.562 
296.99 
297.575 
298.782 
300.556 
300.196 
300.501 
299.686 
299.47 
298.699 
297.61 
