296.488 
296.487 
296.481 
296.478 
296.376 
296.269 
296.679 
297.063 
297.032 
297.075 
297.133 
297.131 
297.088 
297.103 
297.063 
296.927 
296.874 
296.92 
296.992 
297.029 
297.065 
297.084 
297.092 
297.095 
297.13 
297.122 
296.974 
296.938 
297.078 
297.209 
297.283 
296.804 
296.667 
296.454 
296.493 
296.839 
297.157 
297.321 
297.409 
297.419 
297.375 
297.344 
297.336 
297.339 
297.363 
297.396 
297.413 
297.406 
297.395 
297.376 
297.347 
297.313 
297.289 
297.279 
297.276 
297.29 
297.319 
297.353 
297.382 
297.389 
297.386 
297.391 
297.402 
297.426 
297.464 
297.497 
297.493 
297.463 
297.427 
297.386 
297.349 
296.51 
296.514 
296.484 
296.442 
296.279 
296.358 
296.903 
297.043 
297.052 
297.105 
297.132 
297.096 
297.04 
297.078 
297.104 
297.019 
296.935 
296.96 
297.032 
297.049 
297.052 
297.044 
297.034 
297.077 
297.121 
297.169 
297.319 
297.4 
297.424 
297.492 
297.509 
296.987 
296.766 
296.512 
296.478 
296.819 
297.158 
297.37 
297.494 
297.551 
297.526 
297.482 
297.459 
297.479 
297.526 
297.554 
297.557 
297.541 
297.511 
297.468 
297.419 
297.391 
297.375 
297.346 
297.309 
297.302 
297.322 
297.355 
297.384 
297.395 
297.404 
297.42 
297.431 
297.451 
297.487 
297.516 
297.518 
297.507 
297.489 
297.45 
297.396 
296.538 
296.538 
296.463 
296.353 
296.236 
296.553 
296.941 
297.006 
297.062 
297.07 
297.062 
297.051 
297.011 
297.036 
297.097 
297.106 
297.032 
297.005 
297.054 
297.072 
297.063 
297.026 
296.974 
297.042 
297.15 
297.31 
297.469 
297.578 
297.492 
297.561 
297.379 
297.076 
296.832 
296.566 
296.45 
296.844 
297.2 
297.41 
297.551 
297.646 
297.677 
297.673 
297.643 
297.666 
297.727 
297.756 
297.739 
297.698 
297.669 
297.617 
297.528 
297.472 
297.449 
297.431 
297.408 
297.372 
297.351 
297.363 
297.371 
297.375 
297.397 
297.427 
297.45 
297.476 
297.509 
297.53 
297.536 
297.545 
297.541 
297.514 
297.464 
296.534 
296.53 
296.411 
296.262 
296.295 
296.705 
296.955 
297.029 
297.061 
297.024 
296.984 
297 
296.978 
296.985 
297.044 
297.111 
297.089 
297.018 
297.043 
297.08 
297.075 
297.021 
296.925 
297.013 
297.194 
297.445 
297.57 
297.612 
297.525 
297.588 
297.13 
297.144 
296.894 
296.595 
296.438 
296.801 
297.194 
297.364 
297.441 
297.549 
297.673 
297.83 
297.936 
297.966 
297.951 
297.925 
297.869 
297.78 
297.753 
297.738 
297.67 
297.619 
297.583 
297.55 
297.537 
297.509 
297.473 
297.445 
297.413 
297.389 
297.399 
297.431 
297.463 
297.5 
297.532 
297.534 
297.543 
297.566 
297.582 
297.568 
297.528 
296.536 
296.489 
296.334 
296.223 
296.414 
296.839 
297.013 
297.047 
297.04 
296.987 
296.92 
296.932 
296.928 
296.936 
296.993 
297.067 
297.075 
297.001 
297.02 
297.08 
297.073 
297.016 
296.903 
296.972 
297.193 
297.431 
297.6 
297.735 
297.682 
297.539 
297.119 
297.015 
296.91 
296.634 
296.628 
296.83 
297.107 
297.278 
297.353 
297.528 
297.843 
297.973 
298.044 
298.128 
298.209 
298.243 
298.077 
297.872 
297.793 
297.777 
297.76 
297.754 
297.73 
297.688 
297.658 
297.627 
297.6 
297.574 
297.537 
297.48 
297.454 
297.483 
297.5 
297.499 
297.529 
297.538 
297.538 
297.569 
297.607 
297.61 
297.582 
296.522 
296.402 
296.233 
296.222 
296.562 
297.01 
297.046 
297.026 
297.007 
296.949 
296.865 
296.857 
296.876 
296.891 
296.952 
297.034 
297.041 
296.975 
296.995 
297.067 
297.06 
297.009 
296.923 
296.93 
297.045 
297.191 
297.546 
297.872 
297.967 
297.663 
297.191 
296.884 
296.862 
296.766 
296.793 
296.931 
297.141 
297.318 
297.432 
297.618 
297.877 
297.965 
297.984 
298.043 
298.146 
298.261 
298.157 
297.956 
297.826 
297.781 
297.793 
297.81 
297.813 
297.799 
297.751 
297.7 
297.664 
297.635 
297.6 
297.548 
297.51 
297.512 
297.502 
297.466 
297.502 
297.551 
297.551 
297.572 
297.604 
297.62 
297.628 
296.463 
296.253 
296.12 
296.243 
296.839 
297.109 
297.046 
297.021 
296.999 
296.929 
296.831 
296.804 
296.843 
296.85 
296.905 
297.006 
297.015 
296.954 
296.972 
297.041 
297.042 
297.002 
296.973 
296.917 
296.767 
296.864 
297.535 
297.95 
298.153 
298.23 
298.296 
298.373 
297.367 
296.782 
296.886 
297.047 
297.192 
297.347 
297.475 
297.576 
297.684 
297.721 
297.711 
297.766 
297.915 
298.091 
298.044 
297.957 
297.829 
297.806 
297.843 
297.842 
297.854 
297.877 
297.848 
297.789 
297.733 
297.693 
297.656 
297.598 
297.536 
297.492 
297.569 
297.523 
297.559 
297.566 
297.587 
297.601 
297.597 
297.6 
297.632 
296.024 
296.061 
296.09 
296.408 
297.115 
297.148 
297.091 
297.072 
297.027 
296.935 
296.828 
296.791 
296.859 
296.808 
296.843 
296.961 
296.976 
296.934 
296.953 
297.004 
297.018 
296.985 
296.981 
296.943 
296.546 
297.272 
297.601 
297.947 
298.181 
298.279 
299.516 
298.651 
298.71 
298.097 
297.226 
297.097 
297.278 
297.419 
297.494 
297.57 
297.624 
297.646 
297.599 
297.636 
297.833 
298.02 
297.958 
297.942 
297.951 
297.969 
298.023 
297.986 
297.934 
297.948 
297.954 
297.922 
297.863 
297.813 
297.786 
297.737 
297.679 
297.645 
297.632 
297.617 
297.587 
297.585 
297.617 
297.632 
297.62 
297.585 
297.574 
296.133 
295.974 
296.266 
296.883 
297.231 
297.221 
297.1 
297.142 
297.056 
296.761 
296.558 
296.42 
296.568 
296.171 
296.046 
296.264 
296.581 
296.555 
296.621 
296.678 
296.707 
296.121 
296.565 
296.658 
297.093 
297.036 
297.91 
298.578 
299.09 
298.068 
298.086 
298.408 
298.576 
298.674 
298.362 
297.713 
297.296 
297.426 
297.516 
297.58 
297.612 
297.621 
297.546 
297.573 
297.806 
297.988 
297.922 
297.886 
298.089 
298.202 
298.292 
298.368 
298.235 
298.078 
298.052 
298.035 
297.979 
297.924 
297.914 
297.893 
297.849 
297.812 
297.791 
297.774 
297.723 
297.677 
297.667 
297.668 
297.656 
297.605 
297.547 
296.012 
296.225 
296.785 
297.332 
297.284 
297.279 
297.259 
297.164 
297.058 
296.985 
296.927 
296.951 
297.1 
296.971 
296.724 
296.416 
296.987 
296.981 
296.76 
297.162 
296.534 
296.222 
296.717 
297.03 
297.081 
297.063 
297.163 
297.52 
298.257 
298.16 
298.081 
298.227 
298.618 
298.541 
298.585 
298.272 
297.79 
297.337 
297.384 
297.46 
297.492 
297.537 
297.51 
297.545 
297.779 
297.951 
297.903 
297.844 
298.055 
298.29 
298.416 
298.558 
298.513 
298.424 
298.356 
298.173 
298.071 
297.98 
297.949 
297.971 
297.951 
297.894 
297.861 
297.879 
297.889 
297.829 
297.783 
297.743 
297.703 
297.662 
297.641 
296.175 
296.822 
297.404 
297.491 
297.358 
297.281 
297.242 
297.143 
297.052 
297.008 
296.978 
297.027 
297.142 
297.025 
296.709 
296.942 
297.075 
296.942 
297.15 
297.45 
297.128 
297.075 
297.015 
296.735 
297.032 
297.461 
297.262 
297.113 
297.332 
298.282 
298.328 
298.399 
298.894 
298.608 
298.577 
298.36 
297.891 
297.351 
297.24 
297.252 
297.265 
297.371 
297.476 
297.551 
297.766 
297.916 
297.886 
297.832 
297.982 
298.239 
298.423 
298.525 
298.408 
298.369 
298.446 
298.487 
298.286 
298.071 
297.946 
297.975 
298.024 
297.955 
297.889 
298.288 
297.96 
297.956 
297.927 
297.899 
297.856 
297.817 
297.825 
296.661 
297.326 
297.619 
297.529 
297.399 
297.264 
297.213 
297.125 
297.069 
297.054 
297.047 
297.105 
297.165 
297.096 
296.888 
296.951 
297.115 
297.017 
296.998 
297.12 
297.548 
297.481 
297.01 
297.213 
297.033 
297.598 
297.689 
297.378 
297.485 
299.019 
299.332 
298.904 
299.189 
298.998 
298.729 
298.251 
298.18 
297.414 
297.28 
297.193 
297.107 
297.174 
297.369 
297.534 
297.736 
297.874 
297.878 
297.819 
297.896 
298.161 
298.361 
298.358 
298.378 
298.492 
298.526 
298.559 
298.59 
298.295 
298.036 
297.942 
298.05 
298.005 
297.934 
297.915 
297.948 
298.009 
298.006 
298.017 
298.034 
298.009 
297.974 
297.131 
297.552 
297.636 
297.558 
297.396 
297.245 
297.191 
297.133 
297.099 
297.092 
297.105 
297.169 
297.187 
297.118 
296.964 
296.97 
297.118 
297.069 
296.951 
297.079 
297.654 
297.633 
297.77 
297.066 
296.895 
297.213 
297.892 
298.234 
298.019 
298.263 
299.788 
299.63 
299.157 
298.933 
298.728 
298.457 
298.316 
298.008 
297.178 
297.036 
297.048 
297.046 
297.255 
297.49 
297.691 
297.802 
297.818 
297.795 
297.837 
298.085 
298.232 
298.348 
298.532 
298.719 
298.701 
298.662 
298.632 
298.683 
298.336 
298.018 
298.065 
298.053 
297.962 
297.911 
297.917 
298.025 
298.072 
298.072 
298.099 
298.105 
298.063 
297.379 
297.602 
297.646 
297.539 
297.375 
297.23 
297.199 
297.156 
297.116 
297.111 
297.154 
297.23 
297.21 
297.122 
297.009 
297.005 
297.088 
297.118 
296.597 
297.148 
297.205 
297.368 
297.52 
297.773 
297.57 
297.275 
297.662 
297.81 
298.047 
298.389 
299.194 
298.955 
298.723 
298.869 
298.841 
298.847 
298.622 
298.351 
297.928 
297.622 
297.457 
297.386 
296.673 
297.025 
297.508 
297.706 
298.551 
298.502 
298.542 
298.632 
298.372 
298.37 
298.517 
298.875 
298.286 
298.477 
298.498 
298.57 
298.835 
298.14 
298.144 
298.121 
298.015 
297.947 
297.884 
297.99 
298.138 
298.187 
298.176 
298.161 
298.136 
297.555 
297.648 
297.657 
297.512 
297.355 
297.238 
297.231 
297.174 
297.107 
297.12 
297.198 
297.267 
297.211 
297.127 
297.027 
297.027 
297.232 
297.902 
297.79 
296.714 
296.851 
297.506 
297.585 
297.636 
297.544 
297.372 
297.836 
298.095 
298.349 
297.9 
298.777 
298.716 
298.642 
298.422 
298.875 
297.719 
297.697 
297.617 
298.228 
297.789 
297.58 
297.562 
297.634 
297.955 
298.287 
298.487 
298.554 
298.583 
298.76 
298.85 
298.568 
298.442 
298.813 
298.213 
297.535 
298.01 
298.642 
298.72 
298.798 
298.353 
298.336 
298.279 
298.119 
298.026 
297.894 
297.919 
298.118 
298.271 
298.29 
298.254 
298.21 
297.602 
297.686 
297.635 
297.488 
297.345 
297.273 
297.247 
297.155 
297.071 
297.123 
297.235 
297.272 
297.187 
297.124 
297.035 
297.382 
297.912 
296.97 
296.959 
296.429 
296.636 
297.122 
297.614 
297.659 
297.267 
297.609 
298.489 
298.284 
298.49 
298.08 
298.222 
298.554 
298.129 
298.505 
298.112 
297.969 
299.609 
299.012 
298.334 
297.902 
297.003 
296.884 
297.073 
297.225 
297.371 
298.443 
298.544 
297.879 
298.111 
298.337 
298.446 
298.213 
298.691 
298.04 
297.238 
297.464 
297.95 
298.179 
298.536 
298.787 
298.608 
298.487 
298.222 
298.053 
297.943 
297.885 
298.038 
298.251 
298.34 
298.35 
298.317 
297.622 
297.729 
297.619 
297.465 
297.36 
297.332 
297.225 
297.1 
297.017 
297.125 
298.291 
298.304 
297.445 
297.975 
297.826 
297.904 
297.868 
297.79 
297.442 
296.978 
296.597 
296.723 
296.9 
296.838 
297.546 
297.872 
298.177 
298.258 
298.723 
298.214 
298.129 
298.467 
298.18 
298.657 
298.261 
298.492 
298.717 
298.834 
298.09 
297.379 
297.771 
297.591 
297.735 
297.861 
297.438 
297.655 
297.853 
297.764 
298.581 
298.685 
298.68 
298.57 
298.214 
297.702 
297.231 
296.676 
296.409 
297.527 
298.611 
299.143 
299.719 
300.033 
299.351 
298.755 
298.756 
297.924 
297.959 
298.146 
298.289 
298.381 
298.437 
297.673 
297.789 
297.619 
297.461 
297.397 
297.392 
297.22 
297.044 
297.327 
298.083 
298.246 
298.225 
297.776 
297.155 
296.924 
297.821 
297.724 
297.566 
297.158 
297.512 
297.138 
296.736 
296.7 
297.286 
296.896 
296.747 
298.06 
298.657 
298.193 
297.34 
297.887 
298.375 
298.972 
298.889 
299.116 
298.958 
297.865 
297.893 
298.043 
298.361 
298.133 
297.61 
297.621 
297.854 
298.112 
298.393 
298.443 
298.539 
297.927 
300.176 
298.906 
297.769 
297.091 
297.338 
297.456 
296.707 
296.393 
296.26 
297.99 
298.997 
300.51 
299.868 
298.65 
297.282 
298.695 
298.635 
297.888 
298.017 
298.175 
298.339 
298.494 
297.768 
297.887 
297.664 
297.478 
297.445 
297.422 
297.213 
297.096 
296.514 
298.047 
298.219 
298.198 
297.499 
297.297 
297.024 
296.807 
296.34 
296.487 
296.911 
297.321 
298.156 
298.164 
296.738 
297.189 
297.487 
297.708 
297.713 
298.064 
297.497 
296.419 
296.629 
297.736 
298.514 
299.106 
298.444 
297.516 
296.569 
296.384 
296.893 
297.673 
298.753 
298.09 
297.935 
297.732 
297.945 
297.376 
297.68 
298.784 
299.446 
300.735 
297.901 
296.929 
295.561 
295.909 
296.835 
296.871 
296.613 
296.49 
296.448 
297.571 
298.006 
298.141 
298.789 
298.824 
298.875 
298.646 
298.607 
297.945 
298.379 
298.28 
298.466 
297.887 
298.012 
297.755 
297.532 
297.501 
297.42 
297.143 
296.799 
296.513 
296.91 
297.309 
297.393 
298.155 
297.275 
296.997 
296.783 
297.595 
296.424 
296.707 
297.018 
297.598 
298.001 
297.108 
298.406 
298.766 
297.774 
297.642 
297.061 
296.664 
296.459 
295.863 
296.513 
297.725 
297.893 
296.858 
296.554 
296.101 
296.361 
296.786 
297.825 
298.034 
298.112 
298.232 
297.814 
298.05 
298.312 
298.909 
299.552 
300.561 
300.138 
299.134 
296.947 
295.443 
294.927 
295.47 
296.603 
297.621 
297.433 
297.099 
296.663 
296.588 
297.462 
298.123 
298.817 
299.064 
298.84 
298.332 
298.344 
298.121 
298.258 
298.373 
298.018 
298.026 
297.911 
297.702 
297.563 
297.359 
296.823 
297.09 
296.806 
297.319 
297.447 
297.494 
297.33 
297.081 
296.767 
296.743 
297.611 
296.273 
296.086 
296.488 
296.391 
297.495 
297.054 
298.362 
298.707 
297.819 
297.813 
297.314 
297.01 
297.139 
296.716 
296.669 
296.2 
295.76 
295.336 
296.176 
297.142 
297.483 
297.65 
298.024 
298.4 
298.343 
298.822 
299.052 
299.31 
299.539 
299.982 
300.727 
300.884 
300.86 
298.876 
297.95 
296.496 
295.626 
295.893 
297.236 
298.059 
298.148 
298.526 
297.955 
297.145 
297.622 
297.382 
297.581 
298.997 
298.936 
298.041 
298.202 
298.14 
298.27 
298.252 
297.999 
297.924 
297.849 
297.894 
297.612 
297.582 
297.23 
297.022 
298.089 
298.321 
298.293 
298.162 
298.044 
297.906 
297.876 
297.867 
296.433 
296.426 
297.493 
295.843 
296.11 
296.374 
297.084 
298.181 
298.467 
298.845 
298.051 
298.148 
298.311 
298.2 
297.73 
297.083 
296.102 
295.054 
294.835 
295.806 
297.504 
299.148 
299.138 
298.851 
298.879 
298.436 
299.441 
300.16 
300.44 
300.564 
300.609 
300.499 
300.33 
300.112 
298.473 
298.255 
297.539 
297.184 
296.873 
297.767 
298.377 
298.855 
298.853 
298.733 
298.517 
297.47 
297.649 
298.471 
298.797 
298.848 
298.121 
298.064 
298.486 
298.231 
298.226 
297.953 
297.831 
297.5 
297.428 
297.384 
296.768 
297.648 
297.936 
298.072 
298.285 
297.602 
297.444 
297.876 
297.792 
297.847 
297.754 
297.608 
297.679 
297.629 
297.556 
296.345 
297.663 
296.626 
296.695 
298.291 
298.579 
298.791 
298.508 
298.63 
298.77 
298.539 
297.722 
297.257 
295.671 
294.585 
295.218 
297.01 
298.634 
300.092 
299.516 
299.68 
299.608 
299.887 
300.406 
300.324 
300.568 
300.452 
300.178 
299.652 
298.482 
297.884 
297.856 
298.186 
298.636 
298.411 
298.576 
298.904 
299.056 
299.151 
299.083 
298.826 
298.417 
298.321 
298.473 
298.611 
298.755 
298.085 
298.088 
298.146 
298.197 
298.582 
297.381 
297.554 
297.44 
297.404 
297.217 
297.819 
297.434 
297.446 
297.505 
298.247 
298.309 
298.132 
297.806 
297.792 
297.858 
297.621 
297.175 
297.359 
297.549 
297.431 
297.871 
297.175 
296.848 
298.4 
298.436 
298.343 
298.494 
298.429 
298.441 
298.32 
297.964 
297.657 
297.616 
296.811 
295.61 
295.926 
296.75 
297.892 
299.101 
299.894 
299.768 
299.818 
300.092 
300.25 
299.999 
300.234 
300.18 
299.938 
298.131 
297.319 
297.462 
297.739 
298.553 
298.977 
298.981 
299.225 
299.083 
298.93 
298.835 
298.855 
298.917 
298.843 
298.801 
298.725 
298.777 
298.806 
298.271 
298.189 
298.202 
298.239 
298.289 
297.31 
297.412 
297.521 
298.286 
298.305 
297.995 
297.594 
297.406 
297.513 
297.762 
298.12 
297.897 
297.676 
297.837 
297.854 
297.602 
295.891 
297.186 
297.405 
297.242 
297.785 
298.163 
298.449 
298.67 
298.671 
298.413 
298.397 
298.178 
297.801 
297.713 
297.307 
298.242 
298.679 
298.385 
297.775 
297.581 
297.899 
298.347 
299.304 
299.422 
298.846 
299.864 
299.724 
299.714 
299.382 
299.619 
300.01 
299.935 
299 
297.993 
297.667 
299.192 
299.478 
299.459 
299.383 
299.297 
299.102 
299.004 
298.926 
298.829 
298.815 
298.893 
298.96 
299.027 
299.061 
299.002 
298.555 
298.665 
298.45 
298.33 
298.319 
297.651 
297.524 
298.341 
298.499 
297.985 
297.968 
297.713 
297.413 
298.162 
298.154 
297.947 
297.72 
296.928 
297.901 
297.803 
297.667 
296.368 
296.174 
296.22 
296.114 
297.853 
298.264 
298.474 
298.838 
298.789 
298.355 
298.588 
298.678 
297.86 
297.631 
297.473 
298.025 
299.105 
299.762 
299.602 
299.44 
299.556 
299.669 
299.819 
299.472 
298.95 
298.599 
298.85 
298.621 
298.394 
299.414 
300.003 
300.054 
299.465 
299.119 
299.372 
299.717 
299.754 
299.563 
299.426 
299.305 
299.235 
299.186 
299.039 
298.887 
298.889 
298.936 
299.11 
299.214 
299.15 
299.152 
299.196 
298.556 
298.682 
298.836 
299.46 
297.176 
297.111 
298.388 
298.302 
297.854 
297.832 
297.677 
297.663 
298.026 
297.921 
297.687 
296.922 
297.798 
297.155 
297.035 
297.196 
296.555 
296.382 
297.631 
296.255 
298.057 
298.497 
298.39 
298.684 
298.457 
298.819 
297.359 
298.754 
298.694 
297.738 
297.846 
298.08 
299.721 
300.258 
300.278 
300.39 
300.615 
300.741 
300.352 
299.386 
299.695 
299.13 
299.371 
299.319 
298.877 
298.742 
300.013 
300.005 
299.773 
299.764 
299.87 
299.777 
299.618 
299.491 
299.364 
299.235 
299.133 
299.084 
299 
298.914 
298.966 
298.948 
298.339 
299.269 
299.243 
299.202 
298.221 
298.387 
298.676 
299.161 
299.468 
297.271 
298.098 
298.127 
298.495 
297.847 
297.795 
298.035 
297.998 
297.866 
297.707 
296.865 
297.18 
297.102 
297.855 
296.99 
297.034 
296.908 
297.415 
296.485 
296.585 
298.24 
298.629 
298.478 
298.674 
298.496 
298.9 
298.81 
298.847 
298.747 
298.701 
299.069 
299.338 
299.605 
300.01 
300.283 
300.423 
300.495 
300.475 
300.238 
299.845 
299.603 
299.537 
299.745 
299.812 
299.738 
299.797 
299.89 
299.852 
299.809 
299.714 
299.748 
299.68 
299.495 
299.367 
299.278 
299.14 
299.019 
298.979 
298.968 
299.01 
299.047 
299.046 
298.152 
298.257 
298.301 
298.239 
298.187 
298.261 
298.611 
298.705 
299.089 
297.23 
298.104 
299.178 
298.84 
298.535 
297.416 
297.341 
297.293 
296.885 
296.793 
297.19 
297.33 
297.175 
297.722 
297.588 
297.691 
297.134 
297.38 
297.581 
297.182 
298.364 
298.75 
297.261 
298.813 
298.77 
298.63 
298.571 
298.658 
298.804 
298.7 
298.687 
299.085 
299.447 
299.733 
299.936 
300.019 
300.064 
300.086 
299.871 
299.476 
299.396 
299.466 
299.239 
299.382 
299.343 
299.576 
299.701 
299.466 
299.438 
299.341 
299.397 
299.38 
299.352 
299.214 
299.055 
298.946 
298.921 
298.967 
299.034 
298.975 
298.952 
299.043 
298.214 
298.305 
298.369 
298.263 
298.158 
298.154 
298.438 
298.704 
299.64 
298.639 
299.085 
298.968 
298.652 
298.442 
297.503 
297.337 
297.327 
296.847 
297.131 
297.392 
297.339 
297.171 
297.101 
296.877 
297.752 
297.942 
297.501 
297.41 
296.738 
298.44 
298.788 
298.558 
297.428 
298.699 
298.294 
298.268 
298.575 
298.851 
298.799 
298.58 
298.6 
299.177 
299.61 
299.809 
299.795 
299.86 
299.982 
299.814 
299.48 
299.327 
299.343 
299.431 
299.229 
298.848 
299.493 
299.672 
299.686 
299.305 
299.261 
299.402 
299.223 
299.139 
299.016 
298.879 
298.797 
298.85 
298.992 
298.968 
298.848 
298.814 
298.933 
299.121 
298.32 
298.412 
298.291 
298.171 
298.11 
298.26 
298.85 
298.558 
297.614 
298.932 
298.819 
298.513 
298.362 
298.301 
297.307 
296.928 
297.413 
297.483 
297.439 
297.87 
297.218 
297.189 
297.177 
297.345 
297.267 
297.637 
297.284 
296.705 
298.299 
297.75 
297.784 
299.078 
298.771 
298.036 
298.273 
298.97 
299.334 
298.286 
298.667 
298.633 
298.939 
299.325 
299.498 
299.559 
299.67 
299.796 
299.655 
299.497 
299.473 
298.777 
299.291 
299.287 
299.412 
299.22 
299.596 
299.646 
299.3 
299.263 
299.259 
299.487 
299.26 
298.968 
298.826 
298.863 
298.894 
298.94 
298.996 
298.848 
298.695 
298.043 
298.105 
298.311 
298.409 
298.3 
298.201 
298.131 
298.179 
298.337 
298.396 
298.036 
298.235 
298.693 
297.804 
297.78 
297.683 
297.282 
297.16 
297.601 
297.613 
297.417 
297.273 
297.287 
297.179 
297.296 
297.999 
297.903 
297.058 
296.013 
296.71 
298.067 
296.195 
296.157 
296.644 
297.25 
296.912 
297.231 
299.44 
298.859 
298.361 
298.089 
297.735 
298.816 
298.877 
299.228 
299.356 
299.443 
299.46 
299.459 
299.498 
298.739 
298.591 
299.188 
299.153 
299.339 
299.482 
299.497 
299.273 
299.351 
299.271 
299.343 
299.314 
299.074 
298.923 
299.181 
299.1 
299.015 
298.972 
298.922 
298.904 
298.24 
297.929 
298.015 
298.211 
298.35 
298.313 
298.241 
298.18 
298.145 
298.281 
298.381 
298.169 
298.297 
298.076 
297.975 
297.849 
297.697 
297.292 
297.59 
297.861 
297.597 
297.363 
297.343 
297.368 
297.348 
297.421 
297.428 
296.704 
297.03 
296.362 
296.816 
297.974 
296.282 
295.307 
295.98 
296.401 
296.407 
297.823 
298.064 
297.955 
298.352 
297.787 
298.206 
298.124 
299.03 
298.341 
298.651 
298.452 
298.767 
298.876 
298.818 
299.231 
299.203 
299.235 
298.603 
299.122 
299.397 
299.492 
299.504 
299.295 
299.438 
299.363 
299.359 
299.311 
299.203 
299.149 
298.98 
299.162 
299.05 
298.706 
298.326 
298.485 
298.072 
298.016 
298.074 
298.211 
298.331 
298.292 
298.239 
298.156 
298.227 
298.372 
298.456 
298.161 
297.917 
297.906 
297.817 
297.611 
297.536 
297.777 
297.887 
297.515 
297.292 
297.337 
297.579 
297.374 
297.409 
297.056 
296.873 
297.234 
297.207 
296.644 
297.791 
297.587 
297.053 
296.049 
295.863 
296.05 
297.295 
297.483 
297.403 
297.184 
297.283 
297.463 
297.789 
298.096 
298.851 
299.209 
298.585 
298.631 
298.633 
299.002 
299.155 
299.259 
299.288 
299.249 
299.189 
299.29 
299.477 
299.466 
299.231 
299.315 
299.438 
299.379 
299.356 
299.355 
299.442 
299.199 
298.857 
298.821 
299.047 
298.382 
298.475 
298.345 
298.167 
298.036 
298.218 
298.522 
298.353 
298.281 
298.202 
298.214 
298.4 
298.465 
298.008 
298.075 
298.042 
297.809 
297.634 
297.597 
298.018 
297.831 
297.409 
297.195 
297.212 
297.363 
297.399 
297.911 
296.951 
297.104 
297.228 
297.264 
296.644 
297.307 
297.654 
296.948 
296.734 
296.662 
296.672 
296.733 
296.642 
296.367 
296.423 
295.928 
295.899 
295.908 
296.75 
297.913 
298.583 
298.933 
298.798 
298.539 
298.99 
299.225 
299.377 
299.39 
299.373 
299.377 
299.321 
299.368 
299.478 
299.293 
299.22 
299.276 
299.339 
299.397 
299.43 
299.438 
299.337 
299.174 
299.086 
298.938 
298.871 
298.672 
298.532 
298.268 
298.775 
298.762 
299.18 
298.848 
298.317 
298.233 
298.22 
298.395 
298.277 
298.116 
298.195 
298.091 
297.818 
297.675 
297.844 
297.971 
297.77 
297.079 
297.036 
297.338 
297.367 
297.875 
297.632 
297.019 
297.223 
297.264 
298.241 
297.475 
296.314 
297.151 
297.471 
296.7 
296.936 
297.542 
297.444 
296.501 
296.152 
296.115 
295.388 
294.866 
294.886 
295.635 
296.31 
297.195 
298.168 
299.823 
299.308 
299.192 
299.29 
299.419 
299.451 
299.464 
299.474 
299.452 
299.417 
299.458 
299.629 
299.272 
299.172 
299.212 
299.307 
299.352 
299.32 
299.269 
299.017 
298.952 
298.847 
298.749 
298.817 
298.857 
298.869 
298.606 
298.598 
299.046 
298.428 
298.355 
298.252 
298.227 
298.378 
298.303 
298.034 
298.283 
298.112 
297.87 
297.641 
297.782 
297.835 
297.658 
297.124 
297.258 
297.389 
297.266 
296.799 
296.7 
297.854 
297.1 
298.231 
297.687 
297.402 
296.932 
297.363 
297.028 
296.756 
297.189 
297.405 
298.021 
297.48 
297.119 
296.631 
295.549 
294.5 
294.678 
295.375 
295.531 
295.866 
297.375 
298.432 
299.498 
299.327 
299.378 
299.508 
299.601 
299.639 
299.537 
299.455 
299.183 
299.379 
299.499 
299.563 
299.48 
299.157 
299.198 
299.259 
299.234 
298.685 
298.892 
298.856 
298.819 
298.718 
298.776 
298.749 
298.829 
298.639 
298.651 
298.919 
298.318 
298.389 
298.271 
298.206 
298.338 
298.467 
298.3 
298.266 
298.111 
297.865 
297.798 
297.681 
297.666 
297.158 
297.123 
297.337 
297.382 
296.99 
296.834 
297.235 
298.017 
298.209 
297.211 
297.779 
297.436 
296.838 
296.636 
296.372 
296.65 
297.044 
297.408 
298.057 
298.587 
298.362 
297.795 
296.547 
295.035 
294.766 
295.512 
296.299 
296.527 
297.196 
298.525 
299.407 
299.314 
299.549 
299.712 
299.845 
299.814 
299.618 
299.341 
299.268 
299.142 
299.003 
299.464 
299.517 
299.457 
299.157 
299.198 
298.998 
298.763 
298.772 
298.691 
298.68 
298.74 
298.758 
298.747 
298.841 
298.756 
298.605 
298.784 
298.476 
298.372 
298.329 
298.194 
298.306 
298.035 
297.809 
297.573 
297.588 
297.556 
297.621 
297.594 
297.372 
297.27 
297.214 
297.338 
297.111 
296.925 
297.802 
297.955 
298.082 
297.216 
297.762 
297.616 
297.107 
296.767 
297.183 
296.693 
296.47 
297.5 
297.225 
297.387 
297.861 
298.668 
298.931 
298.115 
296.816 
296.525 
296.784 
297.301 
297.674 
298.115 
299.341 
299.292 
299.329 
299.75 
299.891 
299.824 
299.503 
299.44 
299.421 
299.32 
299.277 
299.057 
299.211 
299.427 
299.44 
299.449 
299.116 
298.912 
298.592 
298.51 
298.515 
298.499 
298.73 
298.729 
298.393 
298.212 
298.088 
297.865 
298.543 
298.952 
298.356 
298.449 
298.277 
298.282 
296.534 
296.549 
296.119 
296.318 
296.87 
297.243 
297.126 
297.168 
297.172 
297.081 
297.259 
297.119 
297.095 
297.217 
297.396 
297.294 
298.391 
297.733 
297.163 
297.039 
297.104 
297.386 
296.701 
296.238 
296.336 
297.087 
298.06 
298.31 
298.665 
298.455 
298.92 
298.43 
298.417 
298.558 
298.545 
298.423 
298.98 
299.172 
299.3 
299.553 
299.896 
299.664 
299.449 
299.33 
299.417 
299.465 
299.388 
299.345 
299.355 
299.015 
299.252 
299.369 
299.089 
299.107 
298.762 
298.26 
298.332 
298.585 
298.658 
298.614 
298.5 
298.346 
298.349 
298.225 
297.592 
297.748 
298.544 
298.703 
298.564 
298.441 
298.316 
295.816 
296.029 
295.561 
295.601 
296.407 
297.146 
297.206 
297.061 
297.017 
296.85 
296.852 
296.933 
297.196 
297.403 
297.333 
297.379 
297.691 
297.744 
297.225 
297.312 
297.587 
297.271 
297.125 
296.921 
296.394 
296.333 
296.847 
297.169 
297.462 
298.725 
299.416 
300.35 
299.64 
299.599 
299.585 
299.498 
298.969 
298.852 
299.442 
299.651 
299.642 
299.647 
299.46 
299.471 
299.547 
299.368 
299.373 
299.343 
299.369 
299.204 
299.295 
299.288 
298.842 
298.979 
298.357 
298.203 
298.192 
298.337 
298.58 
298.709 
298.645 
298.498 
298.459 
298.432 
297.686 
297.542 
297.9 
298.29 
298.592 
298.546 
298.382 
295.654 
295.696 
294.803 
295.19 
295.705 
296.54 
296.551 
296.835 
296.633 
296.591 
296.644 
296.747 
297.141 
297.122 
297.199 
297.413 
297.787 
297.579 
297.497 
297.799 
297.918 
297.387 
297.195 
297.118 
296.627 
296.383 
296.293 
296.772 
298.285 
298.667 
298.948 
299.447 
299.809 
299.775 
299.785 
299.896 
300.001 
299.419 
299.206 
299.229 
299.378 
299.454 
299.405 
299.232 
299.525 
299.43 
299.411 
299.301 
299.319 
299.208 
299.433 
299.132 
298.703 
298.403 
298.576 
298.705 
298.317 
298.297 
298.318 
298.428 
298.435 
298.429 
298.481 
298.509 
297.808 
297.607 
297.768 
298.073 
298.487 
298.571 
298.485 
295.926 
295.595 
295.21 
295.391 
296.064 
296.345 
296.361 
297.047 
296.449 
297.758 
296.803 
296.925 
296.838 
297.472 
297.414 
297.818 
297.483 
297.484 
297.723 
298.094 
297.871 
297.619 
297.283 
296.861 
296.567 
296.43 
296.233 
296.081 
296.698 
297.376 
298.889 
297.744 
299.055 
299.342 
299.581 
299.676 
299.206 
298.961 
299.233 
299.066 
299.214 
299.269 
299.241 
299.148 
298.968 
299.449 
299.222 
298.789 
299.082 
299.262 
299.34 
299.066 
298.478 
298.083 
298.398 
298.693 
298.287 
298.243 
298.162 
298.082 
298.112 
298.294 
298.437 
298.356 
297.889 
297.748 
297.79 
297.933 
298.299 
298.49 
298.515 
296.031 
295.818 
295.323 
295.404 
295.419 
296.024 
296.705 
296.799 
296.884 
298.192 
298.459 
297.085 
296.871 
297.119 
297.578 
297.871 
297.472 
297.569 
298.058 
297.892 
297.687 
297.633 
297.544 
296.793 
296.553 
296.511 
296.67 
296.177 
296.103 
297.847 
298.577 
298.699 
298.836 
299.173 
299.385 
299.462 
299.286 
298.942 
298.993 
299.221 
299.109 
299.339 
299.309 
299.309 
299.402 
298.84 
298.712 
299.133 
298.807 
298.881 
298.942 
298.971 
298.682 
297.436 
297.714 
298.096 
298.585 
297.779 
297.853 
298.001 
298.182 
298.353 
298.42 
298.281 
297.947 
297.803 
297.817 
297.88 
298.131 
298.304 
298.45 
296.116 
295.965 
295.652 
295.073 
295.183 
296.047 
296.772 
297.38 
297.409 
297.857 
297.083 
298.177 
296.958 
297.128 
297.542 
297.461 
297.554 
297.994 
298.175 
297.65 
297.34 
297.735 
297.536 
297.375 
297.284 
297.064 
297.433 
297.129 
296.06 
297.288 
297.909 
298.273 
298.731 
299.092 
299.211 
299.169 
299.198 
298.844 
298.935 
299.139 
299.133 
299.065 
299.072 
299.143 
299.138 
298.576 
298.49 
298.917 
298.956 
298.938 
298.805 
298.647 
298.512 
297.6 
297.6 
297.983 
298.066 
297.631 
297.962 
298.147 
298.133 
298.276 
298.34 
298.257 
298.01 
297.858 
297.84 
297.871 
298.044 
298.132 
298.251 
296.372 
296.364 
295.972 
295.746 
295.456 
296.44 
297.13 
297.415 
297.796 
297.586 
297.695 
296.882 
296.979 
297.094 
297.036 
297.264 
297.584 
298.12 
297.762 
297.453 
297.475 
297.758 
297.896 
298.191 
298.13 
299.151 
298.28 
297.797 
297.283 
297.146 
297.46 
297.151 
297.332 
298.793 
298.887 
299.068 
298.996 
298.776 
298.244 
298.421 
298.849 
298.83 
298.971 
298.777 
299.053 
299.01 
298.899 
298.844 
298.906 
298.8 
298.501 
298.411 
298.24 
297.566 
297.408 
297.401 
297.506 
297.75 
297.996 
298.191 
298.049 
297.981 
298.229 
298.229 
298.1 
298.037 
297.989 
297.948 
298.066 
298.035 
298.034 
296.782 
295.84 
296.372 
296.449 
296.184 
296.314 
296.88 
297.06 
297.717 
297.656 
297.256 
297.519 
297.919 
297.098 
296.977 
297.158 
297.368 
297.598 
297.532 
297.693 
298.074 
298.068 
298.204 
299.27 
299.351 
299.319 
298.03 
297.949 
297.446 
297.317 
297.783 
296.863 
296.959 
298.522 
298.201 
299.041 
298.847 
298.87 
298.636 
298.284 
298.313 
298.206 
298.223 
298.877 
298.984 
299.056 
298.567 
298.365 
298.375 
298.607 
298.426 
298.314 
297.678 
297.934 
298.234 
298.088 
298.323 
298.432 
297.833 
298.045 
297.98 
297.948 
297.878 
298.099 
298.014 
298.106 
298.131 
298.109 
298.106 
297.979 
297.913 
296.683 
296.939 
296.075 
296.553 
296.811 
297.012 
296.695 
296.477 
298.181 
297.112 
297.693 
298.01 
297.944 
297.069 
297.172 
297.577 
297.704 
297.472 
297.421 
298.335 
298.356 
298.14 
298.367 
298.311 
298.196 
299.499 
299.346 
298.505 
297.575 
297.619 
297.005 
296.876 
297.694 
297.575 
298.082 
299.063 
298.923 
298.102 
298.743 
298.228 
297.952 
297.869 
297.932 
297.75 
298.548 
298.756 
298.472 
298.975 
298.471 
298.452 
298.303 
298.217 
297.969 
298.169 
298.367 
298.177 
298.052 
298.286 
298.326 
297.798 
297.862 
297.984 
297.796 
297.877 
297.811 
297.701 
297.735 
297.628 
298.157 
297.43 
297.343 
297.087 
297.507 
296.989 
296.529 
297.239 
297.338 
297.374 
296.658 
296.408 
297.158 
297.618 
297.816 
297.665 
297.263 
297.216 
297.535 
297.712 
297.764 
297.895 
298.734 
298.36 
298.415 
298.543 
298.269 
299.683 
299.913 
298.035 
298.663 
296.677 
296.528 
297.066 
297.197 
297.655 
297.806 
298.954 
298.322 
297.771 
297.655 
298.297 
297.5 
297.674 
297.685 
297.861 
297.812 
297.793 
297.61 
297.834 
298.028 
298.565 
298.321 
297.685 
298.024 
297.7 
297.829 
298.239 
298.141 
297.82 
297.327 
297.527 
297.642 
297.633 
297.736 
297.808 
297.793 
297.637 
297.621 
297.541 
298.3 
297.983 
297.184 
297.298 
297.441 
297.353 
297.488 
297.112 
297.143 
297.057 
297.415 
297.197 
296.373 
296.723 
296.91 
297.437 
297.502 
297.219 
296.88 
297.576 
297.628 
297.77 
298.235 
298.211 
298.412 
298.655 
298.72 
298.337 
298.43 
298.441 
298.24 
297.928 
296.623 
296.475 
296.778 
297.346 
297.806 
297.789 
298.767 
297.613 
297.469 
297.567 
298.642 
297.473 
297.696 
297.676 
297.921 
297.951 
297.815 
297.717 
297.733 
297.701 
297.63 
297.438 
297.525 
297.375 
297.109 
297.591 
297.487 
297.474 
297.775 
298.13 
297.185 
297.312 
297.496 
297.606 
297.696 
297.548 
297.57 
297.846 
298.099 
297.77 
297.68 
297.408 
297.073 
296.908 
297.215 
297.533 
297.839 
297.118 
296.731 
297.284 
297.327 
296.839 
296.725 
296.542 
296.967 
297.167 
297.21 
297.657 
297.561 
297.29 
297.277 
298.182 
298.017 
299.218 
299.446 
298.817 
298.48 
298.284 
299.013 
298.404 
297.242 
296.413 
296.39 
296.477 
297.09 
297.76 
297.214 
297.368 
297.375 
298.02 
298.685 
297.802 
297.667 
297.515 
297.568 
297.801 
297.863 
297.634 
297.702 
297.725 
298.3 
297.363 
298.059 
297.359 
297.233 
297.471 
297.451 
297.685 
297.83 
297.952 
298.207 
298.056 
297.336 
297.541 
297.467 
297.365 
297.148 
297.504 
297.757 
297.951 
297.964 
297.139 
297.041 
296.75 
297.006 
297.346 
297.856 
297.658 
297.535 
297.485 
297.297 
296.991 
297.039 
296.908 
296.141 
296.735 
296.796 
297.451 
297.884 
297.962 
297.942 
298.131 
297.8 
297.814 
298.236 
298.662 
298.54 
298.244 
299.221 
299.63 
298.624 
296.984 
296.528 
296.955 
297.147 
297.682 
298.104 
298.316 
297.929 
297.507 
297.749 
298.378 
298.454 
297.956 
297.497 
297.392 
297.561 
297.563 
297.64 
298.3 
297.727 
297.08 
297.156 
297.299 
297.347 
296.849 
296.555 
297.44 
297.597 
297.751 
298.001 
298.191 
298.236 
297.496 
297.545 
297.408 
297.306 
297.065 
297.312 
297.676 
297.949 
297.899 
297.288 
297.06 
297.382 
297.099 
297.503 
297.935 
297.737 
297.58 
297.753 
297.857 
297.532 
297.545 
297.133 
297.406 
296.874 
297.037 
297.462 
298.015 
298.25 
298.394 
298.479 
298.06 
297.87 
298.402 
298.009 
298.076 
298.44 
299.48 
299.601 
297.53 
296.369 
296.557 
296.866 
297.431 
297.671 
297.85 
297.549 
297.314 
297.796 
297.792 
298.874 
299.463 
298.431 
297.722 
297.566 
297.385 
297.304 
297.367 
297.559 
297.161 
296.72 
297.01 
297.135 
296.99 
296.586 
297.421 
297.825 
298.032 
297.862 
297.614 
297.672 
297.615 
297.562 
297.498 
297.404 
297.354 
297.25 
297.172 
297.346 
297.674 
298.325 
297.416 
297.523 
297.688 
296.696 
297.316 
297.952 
297.501 
297.623 
297.74 
297.579 
297.876 
297.908 
297.761 
297.708 
297.619 
297.561 
297.598 
297.964 
298.232 
298.507 
298.432 
298.411 
298.54 
298.414 
298.08 
298.17 
298.769 
299.185 
299.038 
297.539 
296.166 
296.613 
297.035 
298.189 
299.188 
299.439 
299.574 
299.413 
298.16 
298.399 
299.05 
299.755 
299.411 
298.219 
297.886 
297.349 
297.35 
297.12 
297.131 
296.896 
296.88 
296.96 
297.007 
296.639 
296.829 
297.371 
297.68 
298.545 
297.773 
297.813 
298.392 
298.176 
298.043 
297.248 
297.335 
297.396 
297.391 
297.189 
297.19 
297.466 
297.584 
297.78 
297.692 
297.804 
295.537 
296.55 
296.999 
297.546 
297.716 
298 
297.738 
297.876 
298.213 
298.162 
297.978 
297.98 
298.019 
297.706 
298.237 
298.18 
297.716 
297.852 
298.132 
298.494 
298.393 
298.271 
298.446 
299.019 
299.744 
298.946 
298.271 
298.765 
298.705 
298.632 
299.204 
299.588 
299.583 
299.838 
299.669 
300.418 
299.511 
300.197 
299.147 
299.123 
298.223 
297.804 
297.198 
297.071 
296.823 
296.949 
297.007 
296.98 
296.944 
297.102 
296.631 
297.119 
298.078 
298.619 
299.221 
299.143 
299.144 
298.56 
298.286 
298.243 
298.212 
298.224 
297.444 
297.178 
297.166 
297.193 
297.426 
297.543 
297.553 
297.265 
297.679 
294.107 
295.322 
296.221 
297.183 
297.557 
297.548 
297.798 
297.955 
298.242 
298.161 
298.149 
298.113 
298.201 
297.981 
297.332 
296.579 
296.089 
296.211 
297.137 
297.959 
298.58 
298.505 
298.635 
299.402 
299.546 
299.466 
299.784 
299.571 
299.393 
299.133 
299.102 
298.581 
297.937 
297.922 
298.452 
299.292 
300.771 
299.36 
299.024 
299.121 
297.963 
297.721 
297.087 
296.599 
296.537 
297.211 
297.537 
297.621 
297.444 
297.219 
296.895 
297.156 
297.968 
298.965 
300.381 
299.909 
299.617 
299.04 
298.522 
298.507 
298.397 
298.238 
298.022 
297.096 
297.202 
297.338 
297.45 
297.528 
297.555 
297.058 
297.404 
293.11 
294.167 
295.321 
296.424 
296.809 
297.428 
297.692 
298.158 
298.32 
298.195 
298.001 
298.097 
298.396 
298.363 
297.797 
296.815 
295.88 
295.356 
295.812 
296.719 
297.965 
298.732 
299.123 
299.54 
299.163 
298.695 
298.296 
298.074 
298.24 
298.488 
298.24 
297.382 
296.227 
295.608 
296.201 
298.166 
299.162 
299.571 
299.466 
298.601 
298.199 
297.507 
296.858 
296.511 
296.675 
297.163 
297.868 
297.648 
297.434 
297.153 
297.197 
297.382 
297.988 
298.98 
298.317 
298.725 
298.158 
297.966 
298.182 
297.4 
298.491 
298.233 
298.112 
297.173 
297.35 
297.567 
297.606 
297.591 
297.553 
297.441 
297.536 
292.628 
293.141 
293.984 
295.078 
296.131 
296.657 
296.786 
297.269 
297.834 
298.314 
297.898 
297.384 
297.723 
298.29 
298.174 
297.436 
296.844 
296.037 
295.394 
295.546 
296.483 
297.813 
298.808 
299.001 
299.202 
298.175 
296.539 
295.601 
295.913 
296.836 
296.89 
295.898 
294.889 
294.059 
294.186 
296.345 
298.092 
299.039 
299.211 
298.934 
298.183 
297.072 
296.663 
297.206 
297.067 
297.183 
297.959 
298.003 
297.385 
297.216 
297.369 
297.505 
297.585 
298.622 
298.451 
298.303 
298.102 
298.027 
297.726 
298.601 
297.467 
298.305 
298.234 
298.439 
298.469 
298.502 
298.428 
297.788 
297.793 
297.753 
297.715 
292.294 
292.65 
293.319 
294.033 
295.05 
295.782 
295.894 
295.896 
297.144 
298.714 
298.172 
297.595 
297.516 
297.812 
297.907 
297.895 
297.621 
297.06 
296.165 
295.389 
295.35 
296.466 
297.687 
298.298 
298.323 
298.198 
296.341 
294.338 
293.74 
294.722 
294.807 
293.656 
292.925 
292.42 
292.814 
295.084 
297.092 
298.292 
298.664 
299.061 
298.081 
297.642 
297.257 
296.737 
297.228 
297.114 
297.478 
297.811 
298.023 
298.164 
297.695 
297.691 
297.371 
298.387 
298.727 
298.048 
297.234 
297.086 
298.293 
299.025 
298.094 
298.473 
298.116 
298.638 
298.689 
298.666 
298.507 
297.729 
297.841 
297.807 
297.669 
292.442 
292.852 
293.374 
293.502 
294.146 
295.056 
295.516 
295.732 
296.289 
298.001 
297.869 
298 
297.825 
297.325 
297.173 
297.239 
297.615 
297.502 
296.898 
296.514 
295.581 
295.685 
295.959 
296.976 
297.654 
297.64 
296.999 
295.04 
293.657 
293.398 
293.145 
291.885 
290.914 
290.845 
292.175 
294.589 
296.613 
297.867 
298.643 
298.287 
298.285 
298.843 
298.579 
297.655 
296.808 
296.678 
297.034 
297.298 
298.818 
298.239 
298.221 
298.065 
298.313 
298.094 
299.623 
298.249 
298.82 
298.461 
298.74 
299.12 
298.428 
297.164 
297.331 
298.534 
298.915 
298.88 
297.742 
297.125 
297.331 
297.795 
297.827 
292.358 
293.139 
293.544 
293.464 
293.762 
294.406 
295.086 
295.528 
296.266 
296.46 
296.924 
297.332 
297.578 
296.663 
296.612 
296.75 
297.321 
297.488 
297.505 
297.438 
296.752 
296.041 
295.148 
295.039 
295.706 
296.41 
296.723 
295.703 
294.503 
293.625 
293.008 
292.069 
291.175 
291.06 
292.31 
294.657 
296.498 
297.773 
298.925 
299.634 
299.386 
299.554 
299.105 
298.554 
298.093 
297.184 
297.228 
297.81 
299.012 
299.175 
298.683 
298.204 
297.729 
297.89 
299.721 
298.571 
298.234 
297.54 
297.938 
298.516 
297.835 
296.962 
297.265 
298.041 
298.858 
297.646 
297.877 
297.56 
297.114 
297.221 
297.109 
