297.815 
297.948 
298.05 
298.127 
298.13 
298.136 
298.167 
298.2 
298.208 
298.211 
298.267 
298.375 
298.474 
298.526 
298.566 
298.672 
298.815 
298.958 
299.065 
299.033 
299.053 
299.063 
299.015 
298.818 
298.568 
298.544 
298.623 
298.462 
298.381 
298.342 
298.215 
298.094 
298.086 
298.124 
298.137 
298.116 
298.108 
298.134 
298.121 
298.014 
297.755 
297.451 
297.064 
296.831 
297.201 
297.544 
297.394 
297.345 
297.297 
297.341 
297.395 
297.398 
297.361 
297.349 
297.39 
297.464 
297.527 
297.56 
297.562 
297.551 
297.557 
297.6 
297.676 
297.739 
297.751 
297.744 
297.748 
297.794 
297.876 
297.94 
297.948 
297.827 
297.856 
298.01 
298.08 
298.115 
298.126 
298.166 
298.244 
298.291 
298.312 
298.383 
298.488 
298.551 
298.543 
298.517 
298.638 
298.866 
299.026 
299.143 
299.127 
299.113 
299.132 
299.07 
298.967 
298.821 
298.426 
298.565 
298.561 
298.308 
298.232 
298.117 
298.015 
298.058 
298.137 
298.186 
298.15 
298.103 
298.118 
298.094 
297.876 
297.591 
297.303 
297.08 
297.002 
297.235 
297.537 
297.494 
297.399 
297.393 
297.422 
297.451 
297.432 
297.384 
297.352 
297.38 
297.455 
297.515 
297.528 
297.517 
297.517 
297.544 
297.593 
297.657 
297.714 
297.743 
297.763 
297.794 
297.851 
297.919 
297.959 
297.958 
297.701 
297.801 
297.949 
298.022 
298.071 
298.127 
298.181 
298.268 
298.322 
298.34 
298.403 
298.495 
298.543 
298.513 
298.434 
298.516 
298.839 
299.091 
299.166 
299.138 
299.109 
299.124 
299.165 
299.253 
299.34 
298.72 
298.397 
298.663 
298.491 
298.194 
298.027 
297.96 
298.042 
298.143 
298.213 
298.179 
298.129 
298.14 
298.003 
297.76 
297.526 
297.325 
297.213 
297.201 
297.283 
297.442 
297.538 
297.476 
297.503 
297.515 
297.499 
297.461 
297.424 
297.4 
297.415 
297.465 
297.502 
297.496 
297.477 
297.49 
297.538 
297.597 
297.655 
297.707 
297.744 
297.784 
297.827 
297.878 
297.929 
297.961 
297.977 
297.637 
297.727 
297.887 
297.951 
298.019 
298.157 
298.25 
298.299 
298.315 
298.318 
298.355 
298.416 
298.465 
298.474 
298.424 
298.425 
298.703 
299.027 
299.1 
299.089 
299.062 
299.107 
299.263 
299.419 
299.628 
299.293 
298.491 
298.453 
298.688 
298.334 
298.019 
297.946 
298.009 
298.109 
298.205 
298.204 
298.189 
298.208 
298.012 
297.751 
297.614 
297.499 
297.349 
297.25 
297.26 
297.337 
297.482 
297.56 
297.563 
297.551 
297.493 
297.461 
297.46 
297.485 
297.517 
297.531 
297.515 
297.482 
297.464 
297.467 
297.51 
297.58 
297.66 
297.72 
297.761 
297.807 
297.848 
297.885 
297.923 
297.963 
297.993 
297.737 
297.64 
297.777 
297.836 
297.97 
298.195 
298.311 
298.317 
298.281 
298.265 
298.291 
298.335 
298.39 
298.437 
298.464 
298.474 
298.596 
298.829 
298.889 
298.959 
299.011 
299.119 
299.242 
299.414 
299.603 
299.781 
299.229 
298.132 
298.537 
298.481 
298.138 
297.972 
297.956 
298.037 
298.162 
298.23 
298.281 
298.306 
298.119 
297.808 
297.739 
297.652 
297.414 
297.218 
297.196 
297.303 
297.481 
297.597 
297.573 
297.522 
297.47 
297.461 
297.482 
297.534 
297.588 
297.591 
297.546 
297.503 
297.484 
297.485 
297.545 
297.652 
297.736 
297.729 
297.75 
297.815 
297.848 
297.873 
297.906 
297.948 
297.973 
297.924 
297.609 
297.63 
297.736 
297.935 
298.175 
298.324 
298.319 
298.247 
298.212 
298.239 
298.309 
298.385 
298.449 
298.517 
298.601 
298.657 
298.693 
298.66 
298.726 
298.901 
299.056 
299.181 
299.352 
299.351 
299.362 
299.871 
298.72 
298.102 
298.371 
298.221 
298.071 
297.947 
297.995 
298.098 
298.215 
298.381 
298.438 
298.231 
297.852 
297.831 
297.755 
297.446 
297.149 
297.098 
297.282 
297.493 
297.584 
297.581 
297.536 
297.512 
297.507 
297.52 
297.555 
297.584 
297.562 
297.498 
297.455 
297.474 
297.53 
297.613 
297.723 
297.767 
297.697 
297.708 
297.807 
297.841 
297.861 
297.891 
297.913 
297.921 
298.085 
297.634 
297.606 
297.839 
297.967 
298.057 
298.278 
298.326 
298.256 
298.209 
298.233 
298.337 
298.448 
298.536 
298.607 
298.715 
298.811 
298.755 
298.61 
298.58 
298.746 
298.829 
298.996 
299.203 
300.091 
299.878 
299.217 
299.774 
298.627 
298.359 
298.409 
298.06 
298.115 
298.029 
298.048 
298.139 
298.391 
298.521 
298.22 
297.899 
297.914 
297.754 
297.334 
297.023 
297.066 
297.31 
297.473 
297.503 
297.5 
297.523 
297.562 
297.589 
297.585 
297.587 
297.594 
297.562 
297.501 
297.448 
297.468 
297.548 
297.618 
297.658 
298.523 
298.428 
298.506 
297.788 
297.847 
297.877 
297.901 
297.903 
297.901 
299.766 
297.645 
297.778 
298.133 
298.086 
297.966 
298.201 
298.321 
298.324 
298.291 
298.305 
298.394 
298.525 
298.662 
298.723 
298.813 
298.919 
298.901 
298.715 
298.611 
298.686 
298.68 
298.766 
299.011 
299.842 
300.084 
299.262 
300.126 
299.154 
298.957 
299.727 
298.141 
298.342 
298.199 
298.106 
298.115 
298.311 
298.435 
298.159 
298.045 
297.915 
297.551 
297.207 
297.19 
297.525 
297.849 
297.902 
297.78 
297.601 
297.488 
297.484 
297.595 
297.686 
297.685 
297.676 
297.674 
297.63 
297.535 
297.515 
297.592 
297.663 
297.682 
297.682 
297.707 
297.756 
297.811 
297.864 
297.916 
297.941 
297.958 
297.958 
297.72 
297.692 
298.022 
298.344 
298.227 
298.053 
300.053 
298.291 
298.397 
300.321 
300.229 
300.173 
299.871 
299.385 
299.419 
299.575 
300.55 
300.578 
300.505 
300.385 
300.419 
299.171 
299.643 
299.788 
299.973 
300.334 
300.891 
301.745 
301.367 
299.97 
300.167 
299.872 
298.689 
298.449 
298.24 
298.185 
298.204 
298.263 
298.293 
298.258 
297.909 
297.611 
297.654 
298.138 
298.87 
299.319 
299.333 
299.028 
298.506 
297.954 
297.597 
297.507 
297.675 
297.759 
297.72 
297.736 
297.765 
297.698 
297.658 
297.755 
297.881 
297.904 
297.837 
297.815 
297.873 
297.934 
297.982 
298.012 
298.022 
298.038 
298.044 
297.631 
297.896 
298.228 
298.377 
298.31 
298.264 
298.217 
298.288 
298.428 
298.473 
298.486 
298.459 
298.517 
300.47 
300.088 
299.891 
300.269 
300.321 
299.983 
299.902 
299.566 
299.189 
300.069 
299.767 
299.7 
300.21 
300.796 
300.895 
301.617 
301.625 
301.012 
300.729 
299.491 
298.614 
298.416 
298.199 
298.073 
298.269 
298.585 
298.549 
298.228 
298.139 
298.54 
299.622 
300.335 
300.731 
300.957 
301.033 
300.52 
299.227 
298.295 
297.829 
297.671 
297.724 
297.667 
297.62 
297.702 
297.746 
297.792 
297.971 
298.156 
298.164 
298.032 
297.993 
298.076 
298.142 
298.153 
298.154 
298.143 
298.142 
298.125 
297.865 
298.162 
298.34 
298.346 
298.332 
298.418 
298.315 
298.34 
298.46 
298.584 
298.555 
298.448 
298.483 
298.635 
300.61 
300.703 
300.821 
300.828 
300.704 
300.216 
299.969 
299.828 
300.231 
299.398 
299.472 
300.001 
300.105 
300.028 
301.116 
301.445 
301.171 
301.203 
301.01 
298.897 
298.527 
298.194 
298.034 
298.327 
298.718 
298.816 
298.783 
298.807 
299.303 
300.007 
300.618 
300.931 
301.112 
300.989 
300.755 
300.819 
299.933 
299.01 
298.422 
297.987 
297.772 
297.718 
297.701 
297.768 
297.96 
298.251 
298.441 
298.436 
298.263 
299.353 
298.295 
298.33 
298.294 
298.283 
298.258 
298.225 
298.19 
298.176 
298.348 
298.332 
298.266 
298.315 
298.42 
298.348 
298.397 
298.496 
298.665 
298.597 
298.411 
298.465 
298.63 
298.805 
299.226 
299.405 
299.416 
299.299 
299.267 
300.268 
300.201 
299.728 
299.95 
299.791 
299.683 
300.228 
300.102 
300.396 
301.42 
301.757 
301.189 
302.215 
300.747 
300.114 
299.778 
299.331 
298.371 
298.811 
298.977 
299.026 
299.136 
299.428 
299.978 
300.493 
300.787 
300.927 
300.96 
300.748 
300.797 
301.013 
301.172 
300.904 
300.187 
298.908 
298.414 
298.246 
297.946 
298.003 
298.453 
298.625 
298.565 
298.475 
298.494 
298.572 
298.54 
298.47 
298.431 
298.388 
298.335 
298.301 
298.421 
298.473 
298.23 
298.116 
298.297 
298.368 
298.339 
298.415 
298.53 
298.738 
298.691 
298.449 
298.475 
298.646 
298.851 
299.234 
299.465 
299.423 
299.468 
299.378 
300.412 
300.571 
300.36 
299.909 
299.559 
300.048 
299.947 
300.228 
299.902 
300.218 
302.795 
302.471 
302.049 
300.991 
300.83 
300.754 
300.11 
299.743 
299.655 
299.947 
299.182 
299.281 
299.519 
299.915 
300.316 
300.594 
300.739 
300.884 
301.128 
301.36 
301.191 
301.112 
301.044 
301.51 
301.568 
299.958 
300.396 
299.917 
298.471 
298.232 
298.801 
298.763 
298.812 
298.865 
298.92 
298.892 
298.797 
298.707 
298.641 
298.602 
298.576 
298.638 
298.591 
298.151 
298.016 
298.279 
298.329 
298.303 
298.43 
298.512 
298.745 
298.794 
298.529 
298.492 
298.686 
298.901 
299.304 
299.45 
299.34 
300.201 
300.487 
300.351 
300.022 
299.818 
299.962 
300.012 
299.912 
300.244 
300.236 
299.786 
302.336 
302.673 
300.654 
300.688 
301.262 
301.408 
301.75 
301.082 
300.379 
300.301 
300.737 
300.925 
301.052 
300.092 
300.499 
301.227 
301.579 
302.707 
303.086 
303.502 
303.757 
303.84 
303.894 
303.486 
302.706 
300.081 
300.818 
301.1 
300.951 
300.388 
299.006 
298.599 
299.017 
299.126 
299.356 
299.39 
299.467 
299.416 
299.291 
299.17 
299.138 
299.149 
298.863 
298.694 
298.192 
298.049 
298.247 
298.32 
298.324 
298.461 
298.486 
298.705 
298.832 
298.578 
298.451 
298.704 
298.95 
299.371 
300.336 
301.016 
301.189 
300.33 
300.106 
299.919 
299.82 
299.75 
299.624 
300.039 
300.7 
300.182 
300.681 
301.216 
301.469 
300.474 
300.322 
300.498 
301.755 
301.212 
300.839 
300.409 
301.194 
300.981 
301.283 
301.717 
301.825 
302.022 
302.401 
302.733 
303.05 
303.372 
303.585 
303.556 
303.492 
303.718 
303.51 
300.898 
300.189 
301.621 
299.918 
300.027 
300.239 
300.692 
298.995 
299.321 
299.582 
299.498 
299.363 
299.755 
299.899 
299.913 
299.914 
299.993 
300.056 
299.012 
298.716 
298.338 
298.146 
298.234 
298.332 
298.426 
298.484 
298.497 
298.677 
298.828 
298.635 
298.371 
298.641 
298.848 
300.617 
301.134 
299.036 
299.055 
299.919 
300.135 
299.7 
300.092 
299.848 
299.658 
300.107 
300.945 
300.419 
301.249 
301.877 
301.904 
300.369 
300.223 
300.704 
301.137 
301.243 
302.288 
302.315 
302.603 
302.503 
300.335 
300.404 
301.053 
301.409 
301.475 
303.094 
303.411 
302.489 
302.415 
302.463 
301.691 
301.95 
301.999 
300.58 
299.807 
300.081 
300.395 
301.058 
301.643 
301.738 
299.986 
300.116 
300.575 
300.392 
299.444 
299.458 
299.858 
300.003 
300.142 
300.309 
300.292 
299.009 
298.696 
298.52 
298.28 
298.274 
298.375 
298.539 
298.603 
298.588 
298.712 
300.997 
300.854 
299.371 
300.664 
301.24 
301.63 
301.539 
301.289 
299.991 
299.452 
300.053 
299.578 
299.6 
299.373 
299.936 
300.422 
300.547 
301.363 
301.914 
301.88 
302.31 
301.937 
300.717 
301.392 
301.869 
301.851 
301.846 
302.016 
302.216 
302.731 
302.933 
301.922 
302.008 
302.474 
301.68 
301.777 
302.109 
302.342 
303.468 
303.422 
301.587 
301.02 
300.699 
300.167 
299.757 
299.341 
299.071 
300.059 
301.618 
302.712 
302.6 
303.476 
303.701 
303.53 
302.92 
299.726 
299.553 
299.751 
300.122 
300.392 
300.383 
298.88 
298.719 
298.665 
298.456 
298.345 
298.441 
298.716 
298.767 
299.493 
300.549 
300.661 
300.677 
299.464 
299.223 
299.861 
301.359 
301.339 
301.115 
300.246 
300.14 
299.745 
299.647 
299.363 
299.865 
299.617 
299.593 
300.529 
301.21 
301.164 
300.635 
301.16 
302.427 
301.954 
302.061 
302.423 
301.897 
301.206 
301.28 
301.864 
302.559 
303.897 
302.401 
302.14 
302.577 
302.801 
302.942 
303.113 
303.167 
302.645 
303.611 
301.58 
300.37 
299.263 
299.264 
299.596 
299.145 
298.761 
299.209 
300.907 
302.295 
304.179 
303.436 
303.002 
301.432 
303.289 
302.149 
300.036 
299.825 
299.997 
300.209 
300.332 
298.808 
298.742 
298.757 
298.639 
298.454 
298.558 
298.842 
299.442 
298.875 
300.072 
300.359 
300.516 
299.097 
299.302 
299.46 
299.591 
299.403 
299.215 
299.904 
300.59 
301.439 
301.347 
299.163 
299.562 
300.356 
300.519 
300.338 
300.603 
300.162 
299.876 
300.185 
301.007 
302.194 
302.536 
301.736 
300.379 
299.746 
299.701 
300.538 
301.68 
303.826 
303.526 
302.641 
302.744 
303.103 
302.103 
302.163 
303.422 
303.93 
303.885 
301.223 
299.934 
298.102 
298.221 
298.869 
299.428 
299.507 
299.572 
299.418 
300.207 
300.541 
301.211 
302.271 
303.699 
303.572 
302.667 
302.225 
300.795 
301.05 
300.075 
300.02 
298.927 
298.712 
298.855 
298.811 
298.634 
298.818 
298.664 
299.038 
298.508 
298.597 
298.862 
298.939 
300.432 
299.264 
299.044 
299.254 
300.893 
299.482 
299.737 
299.913 
300.92 
301.237 
299.539 
301.06 
301.757 
300.349 
300.152 
299.799 
299.609 
299.046 
299.063 
299.993 
301.183 
301.246 
299.965 
299.301 
299.326 
299.085 
299.732 
301.017 
302.239 
302.772 
303.514 
303.053 
303.186 
303.19 
303.147 
303.687 
304.125 
302.901 
302.244 
300.238 
298.243 
297.604 
298.014 
299.151 
300.681 
300.881 
300.309 
299.217 
299.15 
299.876 
300.909 
303.406 
303.926 
303.092 
301.594 
300.998 
300.116 
300.06 
299.395 
299.165 
298.739 
298.99 
298.993 
298.977 
298.622 
298.959 
298.564 
298.476 
298.679 
298.805 
299.079 
299.255 
299.171 
298.901 
298.943 
300.453 
299.224 
298.65 
299.069 
298.809 
300.566 
299.456 
300.853 
301.576 
300.686 
300.236 
299.989 
299.496 
299.623 
299.14 
299.217 
299.914 
299.127 
298.378 
299.317 
300.139 
300.469 
300.847 
301.585 
302.444 
303.056 
304.564 
303.733 
303.622 
303.595 
303.398 
303.886 
304.187 
304.188 
302.065 
301.104 
299.494 
298.548 
298.355 
299.531 
301.352 
301.971 
301.77 
300.767 
299.941 
300.43 
301.161 
301.663 
303.754 
303.677 
300.933 
301.445 
300.198 
299.846 
299.528 
299.186 
298.854 
299.063 
299.051 
299.346 
298.817 
298.035 
298.029 
299.646 
299.893 
299.948 
300.217 
300.381 
300.354 
300.548 
300.648 
299.172 
299.137 
300.421 
298.467 
298.349 
298.876 
299.127 
300.602 
301.329 
302.077 
300.233 
300.277 
300.647 
300.42 
300.065 
299.162 
299.735 
298.518 
298.114 
299.276 
300.657 
301.954 
302.367 
302.132 
303.883 
303.054 
304.803 
304.498 
304.271 
304.54 
304.34 
303.96 
304.052 
304.012 
301.666 
301.592 
300.809 
300.376 
299.929 
301.084 
302.085 
304.187 
304.113 
302.041 
301.725 
301.734 
301.872 
303.273 
303.403 
303.664 
302.221 
300.593 
301.459 
299.766 
300.621 
298.398 
298.859 
299.837 
299.016 
298.141 
297.707 
297.684 
298.975 
299.118 
299.471 
298.508 
298.452 
299.753 
299.914 
300.309 
300.71 
300.947 
300.941 
300.55 
300.42 
298.885 
300.564 
299.191 
299.331 
301.041 
301.865 
301.936 
300.699 
301.032 
301.158 
300.447 
299.918 
300.132 
299.459 
298.016 
298.529 
300.314 
301.944 
302.969 
302.905 
304.157 
304.469 
304.71 
304.849 
304.862 
305.084 
304.897 
304.356 
303.797 
302.023 
302.132 
301.749 
301.976 
302.106 
301.597 
302.121 
304.245 
304.683 
304.508 
304.273 
303.964 
303.768 
303.667 
303.455 
303.357 
303.392 
300.714 
300.557 
300.212 
299.813 
301.247 
298.656 
298.751 
298.291 
297.932 
297.329 
297.035 
297.946 
298.105 
298.181 
298.986 
299.264 
299.29 
299.234 
299.384 
299.762 
300.024 
300.017 
300.459 
300.516 
300.561 
301.025 
300.036 
299.743 
300.748 
301.05 
301.636 
301.689 
301.655 
301.67 
300.96 
300.337 
299.504 
300.939 
300.187 
298.754 
298.697 
299.845 
301.337 
302.312 
303.003 
302.88 
303.976 
304.14 
304.351 
304.515 
304.702 
304.678 
304.325 
302.062 
301.192 
301.639 
301.703 
302.771 
302.857 
303.063 
304.508 
304.568 
304.311 
304.265 
304.185 
303.953 
303.645 
303.57 
303.722 
303.518 
303.236 
300.661 
300.432 
300.226 
299.723 
299.803 
300.108 
299.509 
299.035 
298.735 
298.414 
297.796 
297.698 
298.068 
297.88 
297.804 
298.611 
298.793 
298.916 
299.007 
299.303 
299.654 
297.918 
300.03 
300.004 
300.172 
301.068 
301.855 
301.832 
301.319 
301.251 
301.479 
301.438 
301.191 
299.896 
299.796 
300.054 
300.169 
301.259 
301.964 
301.256 
300.808 
301.408 
301.686 
302.42 
302.625 
301.795 
303.476 
303.459 
303.599 
303.797 
304.222 
304.654 
304.428 
303.647 
301.658 
301.852 
304.497 
304.87 
305.019 
305.096 
304.911 
304.633 
304.258 
304.065 
303.866 
303.328 
302.83 
302.813 
303.303 
303.202 
302.87 
301.88 
301.527 
300.131 
299.585 
299.986 
300.433 
299.656 
299.778 
299.875 
299.003 
298.25 
297.633 
298.021 
298.768 
298.499 
298.273 
298.593 
297.816 
299.339 
299.486 
299.825 
298.715 
298.624 
298.692 
298.425 
301.094 
301.901 
302.253 
301.936 
301.574 
301.349 
300.897 
300.63 
299.638 
299.964 
300.368 
301.073 
301.392 
302.431 
302.635 
302.363 
302.806 
302.882 
302.923 
302.668 
302.509 
302.062 
302.042 
302.012 
302.002 
304.08 
304.684 
304.65 
304.18 
304.1 
304.548 
305.004 
305.123 
305.107 
305.208 
305.06 
304.696 
304.443 
304.161 
303.622 
302.797 
302.253 
302.042 
302.335 
302.343 
302.17 
301.916 
299.919 
299.894 
300.156 
301.48 
300.187 
299.72 
299.983 
299.309 
298.217 
298.251 
298.18 
297.492 
298.176 
298.301 
298.034 
297.308 
298.92 
298.126 
298.354 
298.989 
299.085 
299.147 
300.419 
298.803 
301.176 
301.731 
301.968 
302.005 
301.406 
300.949 
299.344 
300.957 
301.045 
299.79 
300.374 
300.818 
302.751 
303.313 
303.787 
303.978 
304.17 
304.33 
304.4 
302.946 
304.076 
302.913 
304.413 
304.512 
302.999 
303.036 
304.842 
304.831 
304.641 
304.734 
304.871 
304.965 
305.104 
305.218 
305.206 
305.049 
304.323 
304.145 
303.873 
303.315 
302.774 
302.305 
301.553 
301.395 
301.44 
301.502 
299.743 
299.852 
299.737 
300.314 
301.419 
300.01 
300.093 
299.91 
299.746 
298.972 
299.002 
299.886 
298.636 
297.788 
298.12 
297.091 
297.073 
297.078 
298.952 
298.174 
298.74 
298.757 
300.606 
298.874 
299.416 
301.476 
301.64 
301.834 
301.392 
300.819 
300.722 
301.184 
301.63 
301.929 
301.717 
301.864 
302.242 
302.656 
303.103 
303.473 
303.699 
303.906 
304.035 
304.088 
304.178 
304.275 
304.52 
304.723 
304.745 
304.77 
304.969 
305.045 
304.937 
304.706 
304.507 
304.5 
304.617 
304.825 
305.139 
305.256 
304.684 
303.947 
303.729 
303.254 
302.842 
302.722 
302.421 
299.471 
299.081 
299.238 
299.493 
299.826 
299.868 
299.781 
299.744 
301.655 
299.874 
300.481 
301.86 
301.532 
300.566 
299.244 
298.976 
298.066 
297.245 
297.01 
297.397 
296.978 
296.67 
298.101 
298.918 
299.697 
298.692 
300.313 
300.474 
299.288 
301.82 
302.285 
300.33 
301.805 
300.765 
300.592 
301.054 
302.063 
302.47 
302.385 
302.074 
302.11 
302.491 
302.968 
303.349 
303.589 
303.768 
303.894 
303.961 
304.101 
304.29 
304.646 
303.56 
304.566 
304.807 
305.056 
305.055 
304.859 
304.537 
304.092 
303.945 
304.1 
304.355 
304.75 
304.872 
304.14 
303.797 
303.483 
302.924 
302.486 
302.395 
302.268 
299.595 
299.208 
299.384 
299.53 
299.741 
299.726 
299.687 
299.792 
302.023 
301.455 
302.425 
302.555 
302.779 
302.796 
301.102 
300.375 
299.438 
298.19 
297.063 
297.215 
296.917 
296.59 
296.853 
297.363 
299.309 
299.8 
300.079 
300.189 
298.971 
301.943 
302.568 
300.948 
300.234 
300.73 
300.5 
301.383 
302.837 
302.916 
302.685 
302.349 
302.265 
302.566 
302.981 
303.315 
303.551 
303.723 
303.878 
304.006 
304.107 
304.329 
304.57 
304.597 
304.731 
303.212 
304.868 
304.725 
304.423 
304.077 
303.786 
303.646 
303.717 
303.836 
304.12 
304.222 
303.754 
303.686 
303.325 
302.825 
302.432 
302.256 
302.055 
301.496 
299.288 
299.429 
299.524 
299.549 
299.515 
299.656 
301.997 
299.655 
299.887 
302.644 
303.159 
302.822 
302.357 
302.81 
300.897 
300.334 
300.016 
298.279 
297.377 
297.898 
296.754 
296.755 
297.227 
297.812 
298.014 
299.685 
299.931 
299.093 
301.643 
300.289 
299.716 
301.646 
300.344 
300.47 
301.802 
303.487 
303.347 
301.911 
302.814 
302.728 
302.874 
303.163 
303.444 
303.596 
303.728 
303.882 
304.049 
304.092 
304.339 
302.981 
304.372 
304.365 
304.219 
304.122 
304.174 
304.085 
303.896 
303.766 
303.662 
303.595 
303.554 
303.702 
303.986 
303.76 
303.79 
303.399 
302.91 
302.554 
302.378 
301.935 
299.805 
299.592 
299.596 
299.603 
299.494 
299.484 
299.669 
299.64 
299.587 
299.881 
300.762 
302.528 
300.454 
300.112 
300.962 
300.541 
301.097 
300.664 
299.313 
297.883 
297.276 
296.901 
296.671 
296.851 
298.318 
299.051 
297.835 
298.196 
299.084 
301.035 
298.575 
298.531 
298.223 
298.336 
298.748 
299.323 
303.207 
303.79 
301.98 
302.58 
301.95 
303.272 
303.397 
303.59 
303.811 
304.009 
304.175 
304.323 
304.361 
303.016 
303.013 
303.996 
303.388 
303.345 
303.523 
303.76 
303.911 
303.928 
303.855 
303.753 
303.625 
303.555 
303.651 
304.085 
304.117 
304.145 
303.772 
303.238 
302.879 
302.133 
300.657 
300.415 
300.138 
300.016 
299.883 
299.694 
299.606 
299.647 
299.595 
299.531 
299.869 
300.75 
300.253 
300.379 
301.733 
301.808 
300.125 
300.719 
300.707 
300.127 
298.77 
297.973 
297.171 
296.693 
296.516 
296.753 
297.401 
297.736 
298.233 
298.378 
300.235 
298.646 
297.462 
297.08 
297.683 
298.23 
299.631 
300.071 
300.289 
300.906 
301.223 
302.213 
302.177 
303.764 
302.733 
303.061 
302.593 
302.633 
302.634 
302.723 
304.021 
304.121 
303.48 
301.738 
302.984 
303.246 
303.522 
303.751 
303.854 
303.854 
303.771 
303.686 
303.615 
303.7 
304.042 
304.431 
304.499 
304.344 
303.232 
302.665 
302.88 
301.056 
300.94 
300.678 
300.474 
300.316 
299.971 
299.777 
299.699 
299.661 
299.632 
299.975 
299.966 
299.985 
300.5 
302.703 
301.022 
300.452 
300.703 
300.786 
300.234 
299.546 
298.341 
297.699 
297.119 
296.623 
296.503 
296.638 
297.279 
297.611 
298.054 
299.531 
299.403 
298.719 
297.129 
297.58 
297.817 
298.761 
298.854 
298.581 
299.068 
299.42 
300.43 
301.049 
301.614 
302.467 
303.151 
303.147 
302.481 
302.474 
303.966 
304.096 
304.137 
303.288 
302.761 
302.65 
302.865 
303.193 
303.5 
303.669 
303.701 
303.683 
303.679 
303.64 
303.706 
303.898 
304.287 
303.564 
303.818 
304.654 
303.253 
301.613 
301.583 
301.559 
301.299 
301.717 
301.297 
300.221 
299.951 
299.823 
299.826 
299.769 
300.092 
300.409 
300.956 
301.287 
301.312 
300.344 
300.37 
300.741 
300.63 
300.254 
299.805 
298.859 
297.943 
297.756 
297.262 
296.07 
296.341 
296.438 
296.798 
297.393 
299.166 
299.176 
297.946 
297.818 
297.84 
297.877 
298.392 
298.2 
298.259 
298.141 
297.788 
297.947 
298.549 
300.068 
301.613 
302.411 
303.114 
303.279 
302.382 
303.866 
304.108 
304.015 
303.393 
302.773 
302.42 
302.384 
302.694 
303.109 
303.378 
303.441 
303.423 
303.492 
303.591 
303.672 
303.836 
304.07 
304.423 
304.67 
304.628 
304.445 
303.722 
303.488 
303.169 
303.958 
303.097 
302.26 
301.555 
300.164 
299.932 
299.946 
300.006 
300.477 
301.035 
300.836 
300.511 
300.8 
300.065 
300.834 
301.058 
300.349 
299.995 
299.822 
299.376 
298.508 
299.566 
298.285 
296.408 
296.005 
296.222 
296.966 
296.551 
297.295 
299.062 
299.111 
297.788 
297.901 
298.15 
298.763 
298.555 
298.279 
297.915 
297.236 
297.067 
297.401 
298.741 
299.686 
300.836 
302.038 
304.536 
304.111 
303.97 
304.017 
303.704 
303.263 
302.738 
302.225 
302.056 
302.417 
302.704 
302.879 
302.994 
303.029 
303.142 
303.378 
303.569 
303.763 
303.943 
304.158 
304.372 
304.362 
304.099 
304.07 
304.142 
304.033 
303.694 
303.222 
302.422 
300.265 
300.233 
299.916 
299.85 
300.327 
300.605 
300.297 
299.823 
300.019 
300.395 
299.753 
300.941 
300.704 
299.842 
300.028 
299.642 
299.588 
299.031 
298.259 
297.67 
297.991 
296.058 
296.152 
295.843 
296.114 
296.485 
298.492 
298.896 
297.987 
298.153 
298.453 
298.631 
298.649 
298.814 
298.447 
297.778 
296.791 
297.39 
298.754 
299.26 
299.594 
301.042 
302.253 
304.524 
304.107 
303.843 
303.445 
302.813 
302.166 
301.75 
301.969 
302.275 
302.254 
302.298 
302.517 
302.665 
302.761 
302.969 
303.276 
303.548 
302.461 
303.891 
304.091 
303.954 
303.831 
303.795 
303.794 
303.7 
303.466 
303.28 
302.965 
300.319 
299.971 
299.685 
299.691 
300.239 
300.652 
299.315 
299.214 
299.518 
299.91 
299.732 
300.291 
299.806 
299.156 
298.913 
299.344 
299.312 
298.979 
298.257 
297.842 
298.385 
297.341 
295.6 
295.563 
295.841 
295.869 
296.195 
297.096 
298.052 
298.175 
298.427 
299.044 
299.16 
299.232 
299.406 
298.531 
297.502 
297.761 
299.282 
300.012 
300.188 
300.618 
301.754 
304.392 
304.236 
303.627 
302.759 
302.033 
301.637 
301.598 
301.943 
302.074 
301.902 
301.852 
302.132 
302.41 
302.539 
302.657 
302.918 
302.147 
302.596 
303.374 
303.392 
302.797 
303.523 
303.479 
303.279 
303.077 
302.873 
302.884 
303.117 
302.057 
300.009 
299.765 
299.798 
299.946 
299.278 
298.737 
298.781 
299.108 
299.188 
299.616 
299.646 
299.611 
299.387 
298.794 
298.655 
298.938 
298.668 
299.713 
298.935 
298.07 
296.294 
296.079 
295.678 
295.859 
295.995 
296.091 
296.813 
297.651 
299.176 
298.477 
298.831 
298.951 
299.15 
299.517 
299.879 
299.298 
299.072 
299.736 
300.809 
300.671 
300.542 
303.12 
303.858 
303.568 
302.474 
301.655 
301.49 
301.679 
301.916 
301.98 
301.894 
301.706 
301.66 
301.857 
302.164 
302.436 
302.625 
302.801 
303.025 
300.093 
300.213 
300.499 
300.851 
303.025 
303.269 
302.615 
300.585 
300.557 
302.025 
302.942 
302.768 
301.284 
299.896 
299.948 
299.965 
297.617 
297.159 
297.106 
297.646 
298.19 
298.896 
299.248 
299.255 
299.084 
298.659 
298.447 
298.468 
298.614 
298.195 
297.53 
296.991 
297.439 
296.137 
295.966 
295.703 
295.75 
296.072 
295.949 
296.435 
297.607 
298.567 
299.62 
299.73 
299.864 
298.98 
299.228 
299.698 
299.924 
300.435 
300.198 
299.789 
301.731 
302.511 
302.605 
301.722 
300.996 
301.012 
301.436 
301.843 
302.062 
302.003 
301.824 
301.676 
301.682 
301.84 
302.055 
302.345 
302.589 
302.846 
302.002 
299.915 
300.151 
300.579 
300.922 
300.857 
300.555 
300.369 
300.523 
300.678 
300.412 
302.492 
302.333 
302.033 
300.108 
300.001 
299.941 
297.213 
297.037 
296.764 
297.029 
297.878 
298.629 
299.137 
298.981 
298.801 
298.37 
298.185 
298.153 
298.469 
298.037 
297.455 
296.971 
296.543 
296.214 
296.068 
295.927 
295.984 
296.117 
296.289 
296.222 
296.615 
297.645 
298.148 
298.384 
298.572 
299.829 
300.228 
300.727 
299.242 
299.549 
299.227 
300.744 
299.419 
299.356 
300.784 
300.727 
300.896 
301.177 
301.426 
301.59 
301.741 
301.756 
301.706 
301.762 
301.916 
302.075 
302.17 
302.333 
302.552 
302.812 
302.091 
301.979 
300.311 
300.735 
300.881 
300.647 
300.374 
300.23 
300.324 
300.725 
300.596 
300.418 
300.415 
300.362 
300.111 
300.02 
300.003 
297.174 
297.245 
296.926 
296.854 
297.048 
297.822 
298.223 
298.378 
298.327 
298.029 
298.005 
298.035 
297.964 
297.73 
297.242 
296.643 
296.589 
296.552 
296.454 
296.402 
296.219 
296.241 
296.323 
296.349 
296.131 
296.88 
297.589 
297.767 
299.241 
299.814 
300.079 
300.326 
300.539 
300.698 
300.778 
300.831 
300.789 
300.8 
300.988 
301.095 
301.175 
301.111 
301.189 
300.043 
301.234 
301.37 
301.575 
301.742 
301.931 
302.134 
302.291 
302.384 
302.598 
302.816 
302.903 
303.074 
301.921 
301.877 
300.426 
300.442 
300.325 
300.247 
300.272 
300.465 
300.699 
300.558 
300.435 
300.221 
299.933 
299.928 
300.031 
297.072 
297.071 
296.675 
296.737 
297.098 
297.436 
297.379 
297.916 
297.699 
299.049 
298.181 
298.17 
297.975 
297.854 
297.3 
297.036 
296.669 
296.409 
296.557 
296.87 
296.829 
296.705 
296.292 
296.629 
296.2 
296.052 
296.873 
297.24 
297.643 
298.122 
299.673 
298.424 
299.881 
300.126 
300.332 
300.485 
300.634 
300.727 
300.875 
300.943 
301.018 
301.065 
301.156 
300.3 
300.176 
301.221 
301.494 
300.559 
301.615 
301.787 
302.06 
302.307 
302.679 
302.856 
302.859 
302.798 
301.13 
300.844 
301.498 
300.176 
300.323 
300.374 
300.444 
300.493 
300.763 
300.612 
300.549 
300.368 
299.917 
299.317 
299.588 
297.109 
296.793 
296.23 
296.429 
296.632 
297.014 
297.324 
297.45 
297.52 
298.973 
299.405 
297.599 
297.776 
297.386 
297.233 
297.457 
297.098 
296.391 
296.466 
296.925 
297.035 
297.026 
296.808 
296.417 
296.584 
296.351 
296.694 
297.013 
297.069 
298.339 
299.028 
299.23 
299.369 
299.651 
299.974 
300.205 
300.429 
300.619 
300.772 
300.938 
301.074 
301.194 
301.388 
301.45 
301.544 
300.523 
300.459 
301.467 
300.474 
301.74 
302.049 
302.32 
302.706 
301.597 
301.636 
300.612 
301.821 
300.377 
300.478 
301.591 
300.262 
300.4 
300.54 
300.599 
300.68 
300.651 
300.572 
300.463 
300.19 
299.447 
299.171 
297.308 
296.828 
296.367 
295.886 
296.036 
296.479 
297.196 
297.973 
298.377 
298.069 
297.2 
298.399 
297.104 
296.997 
297.123 
297.47 
297.601 
296.619 
296.183 
296.579 
296.839 
297.153 
297.28 
296.882 
296.562 
296.748 
297.018 
297.255 
297.113 
298.073 
298.645 
299.022 
299.248 
299.519 
299.789 
300.048 
300.379 
300.66 
300.836 
301.011 
301.125 
301.245 
301.433 
301.59 
301.6 
300.34 
300.506 
301.474 
301.69 
301.923 
302.135 
302.228 
302.411 
301.415 
301.337 
300.958 
300.838 
300.319 
301.226 
301.837 
301.827 
300.352 
300.509 
300.587 
300.488 
300.671 
300.589 
300.395 
300.16 
299.766 
299.48 
297.415 
297.213 
296.691 
296.02 
296.04 
296.366 
296.923 
297.83 
298.036 
297.388 
297.294 
296.897 
296.752 
296.787 
297.163 
297.395 
297.519 
296.764 
296.233 
296.369 
296.771 
296.867 
297.068 
297.462 
296.984 
297.659 
297.614 
297.433 
298.347 
298.609 
298.839 
297.492 
297.483 
299.345 
299.729 
300.12 
300.434 
300.692 
299.703 
299.874 
300.804 
300.952 
301.166 
300.398 
301.243 
301.298 
301.47 
301.628 
301.699 
301.779 
301.902 
301.887 
301.931 
300.692 
301.176 
301.499 
300.508 
300.691 
301.275 
301.535 
301.486 
301.235 
300.064 
300.06 
300.002 
300.561 
300.685 
300.416 
299.976 
299.688 
299.54 
297.209 
297.274 
297.123 
296.387 
296.522 
296.712 
296.816 
297.141 
297.534 
297.752 
297.661 
297.14 
297.131 
297.101 
297.032 
297.231 
297.153 
296.834 
296.579 
296.531 
296.817 
296.911 
297.006 
297.941 
297.99 
298.041 
297.365 
297.409 
298.631 
298.874 
298.971 
297.288 
298.149 
299.941 
298.777 
299.912 
300.243 
300.53 
300.852 
299.584 
299.329 
299.335 
299.706 
300.751 
300.815 
300.855 
299.533 
299.399 
299.657 
300.856 
301.09 
301.412 
300.209 
300.76 
301.803 
302.304 
302.45 
302.151 
301.067 
301.31 
300.967 
300.927 
300.57 
301.105 
301.157 
301.162 
300.533 
300.511 
300.019 
299.622 
299.343 
297.196 
297.306 
297.229 
296.931 
296.863 
296.837 
296.858 
296.849 
298.48 
297.728 
297.725 
297.461 
297.371 
297.294 
297.145 
297.154 
297.031 
297.092 
297.206 
297.03 
297.117 
296.968 
297.043 
297.344 
297.303 
298.201 
298.451 
298.903 
299.175 
299.163 
297.924 
297.726 
298.544 
298.888 
299.055 
299.913 
300.026 
298.544 
300.365 
299.423 
298.926 
298.695 
299.445 
298.924 
300.38 
300.56 
299.26 
300.771 
299.746 
300.825 
301.015 
301.227 
301.413 
301.51 
301.751 
301.893 
302.119 
302.029 
301.728 
300.609 
300.272 
300.845 
300.224 
300.232 
300.282 
300.677 
300.636 
300.938 
300.4 
300.374 
299.92 
297.339 
297.488 
297.478 
297.282 
297.355 
297.292 
297.338 
296.995 
296.945 
297.289 
297.429 
297.477 
297.545 
297.564 
297.418 
297.193 
296.987 
297.33 
297.491 
297.426 
297.56 
297.402 
297.376 
297.509 
298.164 
298.401 
297.329 
298.738 
297.62 
297.647 
297.872 
297.455 
297.708 
298.069 
299.359 
299.334 
298.477 
298.533 
300.034 
298.731 
298.648 
298.374 
298.417 
298.479 
298.837 
299.021 
299.21 
299.162 
300.448 
300.65 
299.45 
300.788 
300.888 
300.801 
300.975 
301.265 
301.656 
300.701 
300.898 
300.064 
300.313 
300.67 
300.511 
300.396 
300.787 
301.616 
300.331 
301.981 
302.414 
300.579 
300.566 
296.839 
297.162 
297.426 
297.346 
297.383 
297.192 
297.623 
297.465 
296.961 
296.755 
296.933 
297.274 
297.514 
297.553 
297.507 
297.434 
297.075 
297.122 
297.383 
297.566 
297.846 
297.782 
297.816 
298.045 
297.642 
296.982 
297.03 
297.153 
297.172 
297.255 
297.011 
297.129 
297.314 
297.426 
298.45 
297.591 
297.424 
297.936 
299.411 
298.389 
298.465 
298.468 
298.353 
298.587 
298.686 
298.649 
299.212 
299.036 
298.537 
298.375 
298.916 
299.4 
299.441 
300.115 
299.587 
299.941 
301.067 
301.663 
300.904 
300.822 
300.676 
301.016 
300.787 
300.386 
300.351 
301.876 
301.09 
300.642 
301.041 
301.444 
301.141 
296.899 
296.585 
296.937 
297.122 
297.226 
297.399 
297.579 
297.601 
297.177 
296.614 
296.386 
296.93 
297.294 
297.569 
297.408 
297.257 
296.813 
296.834 
297.253 
297.544 
298.809 
299.181 
298.232 
298.426 
298.005 
297.352 
297.012 
296.689 
296.59 
296.402 
296.551 
297.182 
298.049 
297.772 
298.188 
298.142 
297.636 
297.681 
297.258 
297.811 
298.074 
298.167 
298.208 
298.493 
298.665 
298.797 
298.936 
299.876 
298.029 
299.646 
298.411 
298.821 
299.978 
300.154 
300.683 
301.142 
301.578 
301.855 
302.222 
301.423 
301.411 
300.543 
300.529 
300.199 
300.459 
301.248 
300.658 
300.661 
300.451 
300.973 
301.719 
297.761 
297.466 
296.946 
296.844 
297.082 
297.224 
297.627 
297.491 
297.322 
296.848 
296.155 
296.584 
297.014 
297.5 
297.241 
296.714 
296.451 
296.68 
296.972 
297.536 
297.888 
298.074 
298.198 
298.555 
298.618 
298.058 
297.966 
297.385 
296.676 
296.34 
296.59 
297.826 
299.049 
298.95 
298.609 
298.306 
298.422 
298.118 
297.339 
297.374 
297.368 
297.555 
297.901 
297.85 
298.363 
299.736 
298.719 
298.143 
298.057 
297.988 
298.36 
298.385 
298.351 
299.913 
300.4 
300.91 
301.422 
301.713 
301.976 
300.878 
301.085 
300.88 
300.561 
300.999 
301.296 
300.761 
301.417 
300.952 
300.493 
300.906 
301.541 
297.928 
298.581 
298.674 
298.114 
297.424 
296.945 
297.517 
298.324 
298.074 
297.114 
296.682 
296.518 
296.977 
297.042 
296.822 
296.813 
297.061 
297.358 
297.248 
297.353 
297.855 
298.073 
298.182 
298.844 
298.987 
298.546 
298.233 
297.739 
297.62 
296.711 
296.591 
297.528 
298.393 
297.139 
297.082 
298.277 
299.083 
299.611 
298.945 
298.245 
297.681 
297.802 
297.964 
297.377 
297.881 
298.115 
298.009 
297.909 
297.98 
298.114 
298.19 
297.896 
299.212 
299.812 
300.199 
300.648 
300.209 
300.216 
300.298 
300.773 
300.913 
300.651 
300.66 
301.26 
301.594 
301.167 
301.124 
302.397 
300.858 
301.249 
301.849 
297.715 
298.238 
298.897 
298.856 
298.565 
297.607 
297.767 
298.489 
298.385 
297.823 
297.009 
296.75 
296.667 
296.652 
296.835 
297.748 
298.23 
298.282 
298.21 
298.323 
297.932 
298.044 
298.202 
298.698 
298.751 
298.604 
298.771 
298.265 
298.419 
298.464 
297.862 
297.573 
297.379 
297.328 
299.385 
301.293 
302.464 
302.259 
302.602 
301.949 
300.633 
299.044 
298.719 
297.971 
298.02 
297.846 
297.818 
297.995 
297.958 
298.325 
297.763 
297.791 
298.207 
298.328 
299.44 
298.742 
299.133 
301.064 
301.382 
302.042 
301.077 
300.931 
301.167 
301.786 
301.91 
301.32 
300.53 
300.62 
301.174 
301.274 
301.277 
296.709 
297.869 
298.424 
298.589 
298.633 
298.502 
297.378 
297.859 
298.258 
298.283 
297.2 
296.5 
296.643 
296.823 
298.115 
298.693 
298.039 
298.533 
299.153 
299.392 
298.247 
298.212 
298.412 
298.87 
298.831 
298.096 
297.888 
298.784 
300.226 
301.02 
301.039 
301.3 
301.354 
301.336 
301.795 
303.082 
303.158 
303.235 
302.801 
302.115 
301.483 
301.311 
300.181 
298.613 
298.328 
297.669 
297.757 
297.867 
297.835 
298.177 
297.835 
297.76 
298.896 
298.958 
299.834 
300.939 
301.668 
302.088 
302.139 
302.172 
302.484 
302.909 
301.554 
301.42 
301.858 
301.264 
300.194 
301.264 
301.063 
301.099 
300.5 
295.426 
296.486 
297.285 
298.192 
298.634 
298.596 
298.077 
297.355 
297.679 
298.196 
297.418 
296.855 
297.338 
297.484 
297.511 
296.902 
296.675 
297.079 
298.365 
299.095 
299.793 
299.028 
299.142 
299.507 
299.616 
300.25 
301.388 
301.83 
302.542 
302.621 
301.672 
301.111 
300.465 
300.279 
301.457 
301.909 
302.513 
302.557 
302.627 
301.632 
302.44 
301.77 
301.377 
300.039 
298.647 
297.882 
297.794 
298.013 
298.024 
298.12 
297.849 
297.592 
297.754 
298.09 
300.139 
301.009 
301.773 
302.431 
302.876 
303.047 
303.241 
303.48 
303.691 
301.544 
301.624 
301.924 
301.568 
300.985 
301.693 
301.296 
300.672 
294.502 
295.482 
296.501 
297.578 
297.969 
298.338 
297.89 
298.259 
298.095 
298.447 
297.241 
297.31 
297.789 
297.812 
297.953 
297.779 
296.908 
296.449 
297.097 
297.812 
299.104 
299.615 
299.873 
300.479 
301.44 
300.74 
300.456 
300.144 
300.799 
301.065 
300.876 
299.974 
298.912 
298.225 
298.858 
300.538 
301.634 
302.297 
302.451 
302.38 
302.287 
301.844 
301.444 
300.386 
299.588 
298.268 
298.016 
297.82 
297.933 
298.073 
298.022 
297.682 
297.456 
298.518 
299.437 
299.856 
299.877 
301.018 
304.02 
302.889 
304.846 
304.937 
304.587 
302.897 
302.889 
303.295 
303.088 
303.36 
303.024 
303.014 
302.009 
294.243 
294.604 
295.253 
296.356 
297.426 
297.438 
296.867 
297.626 
298.392 
298.646 
297.382 
297.606 
297.587 
297.723 
297.955 
298.101 
298.056 
297.407 
296.555 
296.915 
297.55 
298.664 
299.73 
300.259 
301.429 
301.146 
299.06 
298.027 
298.571 
299.908 
299.849 
298.798 
297.83 
296.89 
296.968 
298.761 
300.568 
301.423 
302.174 
302.551 
301.934 
301.971 
301.573 
300.701 
300.321 
299.113 
298.776 
299.026 
298.748 
298.493 
298.312 
297.886 
297.609 
298.737 
299.864 
300.675 
300.958 
302.16 
302.523 
304.97 
304.191 
305.152 
305.035 
304.939 
304.953 
305.213 
305.398 
303.769 
303.694 
303.014 
303.068 
294.509 
294.236 
294.485 
295.235 
296.243 
296.463 
296.464 
296.794 
298.409 
300.094 
298.114 
297.457 
297.117 
297.269 
297.59 
298.158 
298.515 
298.27 
297.358 
296.589 
296.648 
297.317 
298.617 
299.826 
301.145 
301.067 
299.251 
297.055 
296.66 
297.509 
297.505 
296.337 
295.45 
294.949 
295.258 
297.651 
299.819 
300.582 
301.868 
302.466 
302.644 
301.446 
300.994 
299.693 
299.797 
299.478 
298.629 
299.087 
298.71 
299.224 
300.007 
299.399 
298.116 
298.809 
300.149 
301.216 
300.259 
299.981 
302.924 
303.814 
303.748 
304.114 
304.457 
304.768 
304.932 
304.988 
305.013 
303.075 
303.112 
302.484 
302.415 
294.652 
294.4 
294.312 
294.509 
295.13 
295.876 
296.686 
297.232 
297.382 
299.261 
297.677 
297.625 
297.13 
296.789 
296.924 
297.367 
298.318 
298.239 
297.853 
297.443 
296.93 
296.408 
297.213 
299.243 
299.918 
300.738 
299.894 
298.161 
296.484 
296.118 
295.813 
294.51 
293.39 
293.165 
294.742 
297.464 
299.611 
300.574 
301.42 
301.703 
301.798 
301.889 
301.209 
300.128 
299.261 
299.156 
298.618 
298.671 
299.957 
301.025 
301.603 
300.589 
299.825 
298.608 
300.412 
301.58 
301.245 
300.829 
301.681 
302.9 
302.635 
302.253 
302.884 
304.454 
305.023 
304.881 
302.941 
301.998 
302.001 
302.764 
301.927 
294.667 
294.133 
294.213 
294.366 
294.823 
295.509 
296.457 
296.721 
296.955 
296.437 
296.841 
297.624 
297.145 
296.191 
296.493 
296.926 
297.513 
298.304 
298.079 
297.938 
297.564 
296.837 
296.692 
297.731 
298.411 
299.033 
299.397 
298.769 
297.281 
296.331 
295.548 
294.535 
293.21 
293.011 
294.884 
297.624 
299.778 
301.104 
301.414 
301.788 
302.091 
302.358 
301.584 
301.142 
300.11 
298.852 
298.86 
299.733 
301.25 
301.458 
301.64 
300.506 
298.853 
298.614 
301.17 
302.09 
301.113 
300 
300.467 
301.023 
300.969 
300.927 
302.053 
303.437 
304.849 
303.498 
302.898 
302.314 
301.989 
301.817 
302.234 
