296.552 
296.879 
297.207 
297.291 
297.308 
297.593 
297.27 
297.21 
297.085 
297.054 
297.045 
297.007 
297.026 
297.047 
297.038 
297.035 
297.046 
297.038 
297.049 
297.082 
297.028 
296.934 
296.86 
296.748 
296.61 
296.523 
296.622 
296.843 
296.996 
297.036 
297.119 
297.176 
297.158 
297.144 
297.136 
297.122 
297.119 
297.143 
297.171 
297.168 
297.141 
297.116 
297.094 
297.081 
297.101 
297.154 
297.202 
297.228 
297.255 
297.275 
297.268 
297.26 
297.289 
297.33 
297.332 
297.315 
297.318 
297.346 
297.398 
297.45 
297.476 
297.482 
297.49 
297.517 
297.548 
297.561 
297.544 
297.504 
297.463 
297.416 
297.352 
296.62 
297.054 
297.239 
297.272 
297.293 
297.584 
297.279 
297.225 
297.103 
297.056 
297.07 
297.029 
297.018 
297.038 
297.042 
297.036 
297.04 
297.028 
297.036 
297.089 
297.026 
296.894 
296.828 
296.71 
296.585 
296.528 
296.666 
296.908 
297.064 
297.113 
297.204 
297.252 
297.232 
297.226 
297.235 
297.25 
297.272 
297.293 
297.29 
297.264 
297.212 
297.155 
297.115 
297.107 
297.131 
297.187 
297.255 
297.318 
297.358 
297.359 
297.334 
297.328 
297.355 
297.366 
297.34 
297.316 
297.334 
297.386 
297.451 
297.493 
297.508 
297.513 
297.519 
297.53 
297.549 
297.564 
297.55 
297.518 
297.489 
297.448 
297.391 
296.74 
297.167 
297.247 
297.27 
297.28 
297.583 
297.279 
297.503 
297.119 
297.055 
297.079 
297.056 
297.02 
297.029 
297.04 
297.035 
297.034 
297.023 
297.026 
297.099 
297.055 
296.862 
296.803 
296.696 
296.557 
296.545 
296.714 
296.971 
297.111 
297.169 
297.264 
297.325 
297.313 
297.306 
297.315 
297.337 
297.365 
297.386 
297.38 
297.334 
297.266 
297.228 
297.237 
297.255 
297.271 
297.294 
297.332 
297.379 
297.422 
297.445 
297.437 
297.413 
297.402 
297.382 
297.346 
297.327 
297.364 
297.422 
297.475 
297.504 
297.52 
297.534 
297.536 
297.53 
297.537 
297.549 
297.546 
297.536 
297.516 
297.475 
297.427 
296.961 
297.199 
297.249 
297.265 
297.276 
297.583 
297.564 
297.507 
297.13 
297.057 
297.074 
297.069 
297.026 
297.022 
297.035 
297.032 
297.027 
297.017 
297.019 
297.095 
297.118 
296.871 
296.745 
296.707 
296.587 
296.564 
296.699 
297.003 
297.17 
297.227 
297.315 
297.398 
297.407 
297.386 
297.396 
297.41 
297.425 
297.451 
297.475 
297.469 
297.454 
297.472 
297.496 
297.497 
297.483 
297.462 
297.451 
297.451 
297.469 
297.509 
297.526 
297.499 
297.453 
297.418 
297.389 
297.383 
297.411 
297.446 
297.475 
297.499 
297.525 
297.544 
297.541 
297.532 
297.537 
297.541 
297.553 
297.565 
297.546 
297.503 
297.466 
297.14 
297.223 
297.252 
297.268 
297.278 
297.271 
297.545 
297.502 
297.374 
297.062 
297.065 
297.071 
297.031 
297.017 
297.029 
297.031 
297.024 
297.007 
297.012 
297.077 
297.202 
297.032 
296.691 
296.653 
296.654 
296.642 
296.659 
296.877 
297.19 
297.295 
297.34 
297.399 
297.445 
297.445 
297.476 
297.494 
297.487 
297.498 
297.543 
297.587 
297.623 
297.66 
297.675 
297.671 
297.663 
297.646 
297.617 
297.583 
297.563 
297.571 
297.586 
297.576 
297.541 
297.506 
297.475 
297.452 
297.446 
297.453 
297.474 
297.507 
297.552 
297.576 
297.554 
297.521 
297.541 
297.565 
297.584 
297.599 
297.582 
297.546 
297.52 
297.181 
297.248 
297.254 
297.278 
297.597 
297.56 
297.518 
297.491 
297.383 
297.072 
297.061 
297.067 
297.034 
297.016 
297.025 
297.027 
297.029 
296.999 
296.998 
297.063 
297.224 
297.309 
297.094 
297.014 
296.843 
296.545 
296.62 
296.862 
297.042 
297.309 
297.401 
297.379 
297.372 
297.421 
297.461 
297.482 
297.479 
297.49 
297.561 
297.666 
297.74 
297.776 
297.784 
297.776 
297.771 
297.786 
297.797 
297.778 
297.735 
297.696 
297.667 
297.631 
297.596 
297.569 
297.535 
297.494 
297.461 
297.451 
297.483 
297.534 
297.569 
297.578 
297.546 
297.495 
297.548 
297.622 
297.626 
297.624 
297.611 
297.594 
297.579 
297.192 
297.27 
297.261 
297.612 
297.609 
297.549 
297.487 
297.476 
297.396 
297.089 
297.068 
297.061 
297.032 
297.014 
297.028 
297.023 
297.033 
297.001 
296.978 
297.054 
297.211 
297.367 
297.337 
297.278 
297.043 
296.198 
296.427 
296.862 
297.131 
297.295 
297.412 
297.507 
297.49 
297.513 
297.547 
297.524 
297.482 
297.467 
297.547 
297.707 
297.831 
297.887 
297.912 
297.906 
297.886 
297.9 
297.941 
297.944 
297.899 
297.852 
297.802 
297.722 
297.63 
297.57 
297.549 
297.551 
297.532 
297.526 
297.557 
297.59 
297.577 
297.523 
297.424 
297.391 
297.59 
297.664 
297.65 
297.64 
297.624 
297.618 
297.619 
297.379 
297.282 
297.275 
297.617 
297.612 
297.229 
297.454 
297.459 
297.418 
297.121 
297.094 
297.069 
297.024 
297.006 
297.032 
297.017 
297.018 
297.006 
296.96 
297.031 
297.196 
297.38 
297.441 
297.24 
296.669 
296.676 
296.618 
296.647 
297.112 
297.292 
297.41 
297.464 
297.468 
297.509 
297.517 
297.58 
297.66 
297.567 
297.541 
297.709 
297.88 
297.964 
298.036 
298.082 
298.078 
298.077 
298.105 
298.113 
298.064 
298.001 
297.955 
297.895 
297.777 
297.645 
297.579 
297.621 
297.678 
297.656 
297.628 
297.645 
297.641 
297.594 
297.548 
297.551 
297.599 
297.638 
297.645 
297.634 
297.621 
297.617 
297.623 
297.286 
297.281 
297.276 
297.607 
297.588 
297.205 
297.457 
297.447 
297.441 
297.369 
297.228 
296.977 
296.84 
296.813 
296.679 
296.487 
296.601 
296.612 
296.579 
296.609 
296.809 
296.767 
297.642 
297.471 
297.665 
297.823 
297.417 
296.701 
296.337 
296.6 
296.858 
297.207 
297.595 
297.553 
297.459 
297.503 
297.681 
297.727 
297.638 
297.707 
297.895 
297.996 
298.087 
298.182 
298.21 
298.192 
298.203 
298.258 
298.267 
298.176 
298.095 
298.069 
297.999 
297.846 
297.684 
297.632 
297.742 
297.796 
297.726 
297.69 
297.703 
297.688 
297.62 
297.558 
297.536 
297.555 
297.579 
297.593 
297.603 
297.598 
297.601 
297.282 
297.263 
297.256 
297.576 
297.545 
297.179 
297.414 
297.438 
297.452 
297.212 
297.222 
297.182 
297.081 
297.427 
297.52 
297.056 
297.176 
297.144 
296.718 
297.044 
296.683 
296.85 
298.01 
297.854 
297.762 
298.026 
298.12 
297.521 
297.152 
296.686 
296.898 
297.241 
297.454 
297.554 
297.541 
297.652 
297.765 
297.775 
297.736 
297.745 
297.922 
298.021 
298.098 
298.205 
298.265 
298.26 
298.255 
298.321 
298.366 
298.29 
298.204 
298.218 
298.243 
298.098 
297.883 
297.701 
297.705 
297.846 
297.841 
297.76 
297.743 
297.758 
297.703 
297.604 
297.521 
297.48 
297.481 
297.517 
297.572 
297.584 
297.584 
297.259 
297.227 
297.225 
297.223 
297.499 
297.158 
297.404 
297.428 
297.169 
297.221 
297.259 
297.213 
297.08 
297.065 
297.469 
297.596 
297.363 
297.053 
297.303 
297.542 
297.003 
297.11 
297.906 
297.864 
297.851 
298.077 
297.89 
297.309 
297.172 
297.128 
296.925 
297.307 
297.235 
297.408 
297.598 
297.74 
297.784 
297.74 
297.707 
297.775 
297.948 
298.049 
298.077 
298.183 
298.282 
298.326 
298.338 
298.359 
298.387 
298.364 
298.327 
298.348 
298.501 
298.497 
298.165 
297.914 
297.717 
297.78 
297.907 
297.861 
297.794 
297.797 
297.785 
297.956 
297.664 
297.59 
297.575 
297.595 
297.631 
297.63 
297.607 
297.213 
297.193 
297.203 
297.2 
297.465 
297.144 
297.412 
297.134 
297.15 
297.221 
297.288 
297.248 
297.083 
297.05 
297.148 
297.248 
297.308 
297.227 
297.206 
297.32 
297.702 
297.316 
297.355 
298.187 
298.246 
298.1 
298.233 
297.702 
297.157 
297.614 
297.594 
297.576 
297.737 
297.636 
297.555 
297.581 
297.567 
297.637 
297.648 
297.738 
297.823 
297.937 
298.061 
298.159 
298.307 
298.365 
298.334 
298.269 
298.259 
298.335 
298.513 
298.563 
298.522 
298.551 
298.621 
298.296 
297.934 
297.744 
297.821 
297.922 
297.874 
297.824 
297.84 
297.866 
297.874 
297.851 
297.84 
297.85 
297.857 
297.833 
297.781 
297.186 
297.181 
297.208 
297.519 
297.151 
297.127 
297.414 
297.11 
297.127 
297.207 
297.292 
297.265 
297.087 
297.031 
297.125 
297.235 
297.33 
297.338 
297.169 
297.261 
297.962 
297.61 
297.548 
297.939 
297.998 
298.559 
298.586 
298.533 
297.911 
297.669 
297.794 
297.734 
297.656 
297.715 
297.68 
297.662 
297.676 
297.436 
297.314 
297.416 
297.662 
297.751 
297.949 
298.08 
298.154 
298.242 
298.32 
298.36 
298.376 
298.354 
298.445 
298.779 
298.929 
299.016 
298.984 
298.807 
298.488 
298.031 
297.755 
297.836 
297.939 
297.862 
297.844 
297.869 
297.949 
297.983 
297.965 
297.969 
298 
298.02 
298.003 
297.192 
297.195 
297.564 
297.549 
297.461 
297.394 
297.401 
297.086 
297.1 
297.189 
297.283 
297.269 
297.1 
297.026 
297.118 
297.216 
297.294 
297.39 
297.603 
297.356 
297.241 
297.284 
297.286 
298.274 
298.255 
298.37 
298.877 
298.856 
298.379 
297.939 
297.626 
296.99 
296.753 
297.607 
297.78 
297.912 
297.558 
297.56 
297.404 
297.023 
297.139 
297.302 
297.46 
297.753 
297.919 
298.036 
298.128 
298.326 
298.631 
298.78 
298.673 
298.794 
299.188 
298.879 
298.842 
299.074 
299.045 
298.73 
297.956 
297.732 
297.931 
297.917 
297.895 
297.894 
297.968 
298.054 
298.026 
297.971 
297.985 
298.041 
298.089 
297.23 
297.216 
297.584 
297.591 
297.508 
297.386 
297.372 
297.065 
297.075 
297.172 
297.265 
297.252 
297.114 
297.026 
297.098 
297.185 
297.755 
298.316 
298.456 
297.46 
297.041 
297.579 
297.47 
297.728 
297.526 
297.999 
298.743 
299.152 
298.427 
297.736 
297.248 
297.556 
296.846 
297.125 
297.887 
297.096 
296.96 
297.383 
297.501 
297.447 
297.359 
297.211 
297.447 
297.71 
297.816 
297.93 
298.034 
298.025 
298.332 
298.901 
298.857 
298.951 
299.249 
298.164 
297.427 
297.7 
298.589 
298.619 
298.488 
298.132 
298.166 
298.078 
297.987 
297.942 
297.936 
298.083 
298.161 
298.072 
298.002 
298.009 
298.048 
297.262 
297.219 
297.233 
297.612 
297.557 
297.101 
297.06 
297.038 
297.047 
297.154 
297.239 
297.22 
297.123 
297.035 
297.054 
297.626 
298.174 
297.553 
297.713 
297.579 
296.947 
297.134 
297.72 
297.752 
297.372 
297.419 
298.324 
298.541 
298.144 
297.301 
297.526 
297.752 
297.231 
297.146 
296.917 
296.836 
298.415 
298.446 
297.843 
297.526 
296.642 
297.027 
297.302 
297.45 
297.48 
297.838 
298.082 
298.272 
298.341 
298.455 
298.358 
298.31 
298.298 
297.812 
297.239 
297.477 
297.82 
298.413 
298.755 
298.669 
298.912 
298.455 
298.143 
297.982 
297.919 
297.999 
298.197 
298.274 
298.155 
298.081 
298.044 
297.28 
297.212 
297.202 
297.597 
297.582 
297.107 
297.022 
297.003 
297.014 
297.133 
298.188 
298.134 
297.319 
297.879 
297.772 
297.98 
298.105 
298.157 
297.998 
297.848 
297.522 
297.081 
297.1 
297.122 
297.722 
297.974 
297.478 
298.037 
298.324 
297.758 
297.575 
297.704 
297.382 
296.691 
296.588 
296.53 
297.699 
298.524 
298.414 
297.815 
297.788 
297.795 
297.58 
297.72 
297.603 
297.793 
298.124 
298.315 
298.416 
298.491 
298.606 
298.753 
298.321 
297.687 
297.14 
296.569 
296.217 
297.27 
298.915 
299.71 
299.989 
300.23 
299.322 
298.675 
298.708 
297.998 
298.04 
298.36 
298.436 
298.307 
298.207 
297.288 
297.217 
297.173 
297.219 
297.24 
297.112 
296.989 
296.959 
297.492 
298.031 
298.102 
298.064 
297.869 
297.425 
297.121 
297.856 
297.918 
297.917 
297.664 
297.93 
298.155 
297.212 
297.024 
297.572 
297.012 
296.796 
297.83 
298.162 
298.236 
297.668 
297.623 
297.79 
296.903 
296.646 
297.523 
297.633 
297.575 
297.579 
297.899 
298.278 
299.176 
298.439 
297.922 
298.006 
298.048 
298.049 
298.178 
298.274 
297.897 
298.422 
298.751 
297.597 
296.883 
297.2 
297.29 
296.578 
296.035 
296.311 
298.059 
299.448 
300.793 
300.068 
298.843 
297.2 
298.637 
298.763 
297.882 
298.151 
298.62 
298.686 
298.581 
297.284 
297.226 
297.162 
297.162 
297.198 
297.102 
296.956 
297.196 
297 
297.985 
298.053 
298.072 
297.752 
297.706 
297.36 
297.026 
296.883 
296.968 
297.369 
297.683 
298.603 
298.844 
296.979 
297.526 
297.345 
297.606 
297.507 
297.678 
297.416 
296.665 
296.729 
297.354 
297.811 
297.667 
297.774 
297.221 
296.042 
295.858 
296.432 
297.444 
299.067 
299.258 
298.127 
298.034 
297.9 
297.541 
297.573 
298.429 
298.532 
300.036 
297.841 
296.797 
295.354 
295.772 
296.718 
296.881 
296.749 
296.545 
296.508 
297.404 
297.752 
298.297 
299.202 
298.715 
298.666 
298.753 
298.538 
297.92 
298.644 
298.702 
298.881 
297.27 
297.216 
297.163 
297.107 
297.124 
297.063 
296.919 
296.992 
296.998 
297.195 
297.379 
297.526 
298.244 
297.714 
297.469 
297.018 
297.784 
296.938 
297.117 
297.365 
298.029 
298.597 
297.721 
298.662 
298.851 
297.29 
297.315 
296.832 
296.595 
296.224 
295.895 
296.914 
297.904 
297.946 
296.809 
296.216 
295.489 
295.306 
295.655 
296.758 
297.834 
298.285 
298.436 
298.059 
297.814 
297.795 
298.186 
298.788 
299.401 
299.913 
298.919 
296.723 
295.102 
294.72 
295.43 
296.578 
298.03 
297.808 
297.22 
296.524 
296.736 
297.513 
298.6 
298.859 
298.693 
298.859 
298.23 
298.165 
298.176 
298.402 
298.619 
297.277 
297.202 
297.147 
297.065 
297.035 
297.015 
296.932 
297.108 
297.036 
297.411 
297.471 
297.614 
297.63 
297.586 
297.406 
297.164 
297.819 
296.817 
296.622 
296.854 
296.754 
298.031 
297.758 
298.665 
298.857 
297.606 
297.866 
297.058 
296.824 
297.048 
296.903 
296.724 
296.439 
295.736 
295.197 
295.878 
296.368 
296.842 
296.977 
297.652 
298.289 
298.29 
298.654 
298.174 
298.051 
298.358 
298.907 
299.366 
300.228 
300.593 
298.509 
297.671 
296.54 
295.779 
295.336 
296.556 
298.298 
298.411 
298.662 
298.013 
297.204 
297.815 
297.838 
297.612 
298.462 
298.752 
298.105 
298.272 
298.08 
298.205 
298.31 
297.283 
297.229 
297.155 
297.072 
297.116 
297.292 
297.095 
296.982 
297.925 
298.095 
298.033 
298.054 
298.155 
298.187 
298.174 
298.2 
296.909 
296.704 
297.727 
296.339 
296.429 
296.748 
297.817 
298.606 
298.663 
298.848 
297.63 
297.878 
297.755 
298.059 
298.089 
297.449 
296.088 
294.996 
294.668 
295.566 
296.996 
298.356 
298.568 
298.181 
298.629 
298.42 
298.826 
298.509 
298.674 
298.892 
299.091 
299.306 
299.962 
299.848 
298.102 
298.382 
297.44 
296.755 
296.71 
297.788 
298.456 
298.5 
298.815 
298.566 
298.35 
298.201 
297.896 
297.961 
298.04 
298.316 
298.171 
298.106 
298.307 
298.077 
298.156 
297.236 
297.276 
296.783 
297.399 
297.546 
297.123 
297.378 
297.748 
297.868 
298.038 
297.476 
297.475 
297.988 
298.103 
298.163 
298.257 
298.037 
298.034 
297.876 
297.847 
296.692 
298.165 
297.34 
297.138 
298.676 
298.573 
298.72 
298.261 
298.255 
298.292 
299.001 
298.2 
297.031 
295.503 
294.382 
294.945 
296.649 
298.006 
299.101 
299.006 
298.78 
298.857 
299.099 
299.059 
299.075 
299.311 
299.299 
299.394 
299.529 
298.372 
298.048 
297.815 
298.024 
298.445 
298.309 
298.588 
298.663 
299.061 
298.976 
298.767 
298.514 
298.293 
298.108 
297.965 
297.901 
298.06 
298.342 
298.342 
298.162 
298.145 
298.338 
296.743 
297.109 
297.639 
297.966 
297.758 
297.731 
297.219 
297.325 
297.404 
297.983 
297.993 
297.996 
297.953 
298.106 
298.185 
298.23 
297.809 
297.801 
297.82 
297.725 
298.273 
297.565 
297.372 
298.939 
298.891 
298.169 
298.431 
298.443 
298.291 
298.442 
298.55 
297.521 
297.605 
296.342 
295.406 
295.317 
296.115 
297.311 
298.456 
299.018 
298.714 
299.195 
299.365 
299.217 
299.238 
299.45 
299.451 
299.649 
298.024 
297.346 
297.476 
297.849 
298.562 
299.059 
299.118 
298.885 
298.926 
298.754 
298.692 
298.727 
298.494 
298.303 
298.24 
298.145 
298.012 
298.043 
298.327 
298.444 
298.551 
298.424 
298.405 
297.753 
298.257 
298.337 
298.249 
298.043 
297.823 
297.427 
297.31 
297.408 
297.602 
297.821 
297.845 
297.888 
298.134 
298.206 
298.288 
297.291 
297.738 
297.704 
297.507 
298.179 
298.65 
298.935 
299.182 
299.106 
298.012 
298.068 
298.266 
298.199 
298.245 
297.799 
298.394 
298.594 
297.737 
297.174 
297.134 
297.31 
297.71 
298.521 
298.549 
298.011 
298.708 
298.796 
298.881 
298.975 
299.172 
299.477 
299.651 
299.068 
297.686 
297.615 
298.774 
299.069 
299.138 
299.053 
298.922 
298.778 
298.706 
298.777 
298.643 
298.374 
298.353 
298.283 
298.173 
298.109 
298.137 
298.306 
298.405 
298.551 
298.617 
298.487 
297.915 
297.856 
298.244 
298.202 
297.845 
297.818 
297.581 
297.266 
297.87 
297.856 
297.739 
297.766 
297.365 
298.165 
298.222 
298.399 
297.73 
297.118 
296.838 
296.627 
298.16 
298.652 
298.758 
299.156 
299.181 
298.414 
298.035 
297.932 
298.1 
298.283 
298.363 
298.86 
299.636 
299.33 
298.855 
298.822 
298.966 
299.02 
299.042 
298.828 
298.461 
298.212 
298.206 
298.173 
298.311 
298.99 
299.494 
299.65 
299.204 
298.802 
298.982 
299.206 
299.365 
299.235 
299.101 
298.908 
298.762 
298.748 
298.771 
298.674 
298.424 
298.379 
298.376 
298.358 
298.296 
298.347 
298.4 
298.424 
298.552 
298.57 
299.41 
297.15 
297.747 
298.395 
298.265 
297.794 
297.734 
297.577 
297.498 
297.745 
297.704 
297.608 
297.185 
297.925 
297.612 
297.692 
298.098 
297.825 
297.453 
298.053 
296.812 
298.289 
298.709 
298.263 
298.554 
299.16 
299.025 
297.719 
298.189 
297.859 
298.226 
298.484 
298.777 
300.162 
300.405 
300.363 
299.958 
299.773 
299.741 
299.389 
298.678 
298.568 
298.373 
298.419 
298.6 
298.643 
298.776 
299.611 
299.634 
299.44 
299.416 
299.399 
299.277 
299.152 
299.121 
299.059 
298.894 
298.701 
298.628 
298.592 
298.636 
298.666 
298.646 
298.089 
298.624 
298.689 
298.75 
298.328 
298.285 
298.281 
298.666 
299.251 
297.28 
298.135 
297.948 
298.169 
297.717 
297.782 
297.892 
297.783 
297.647 
297.6 
296.971 
297.202 
297.361 
298.217 
297.71 
297.903 
297.868 
298.427 
296.868 
297.072 
298.39 
298.67 
298.6 
298.53 
299.103 
299.077 
298.906 
298.804 
298.382 
298.309 
298.561 
298.804 
299.02 
299.382 
299.661 
299.736 
299.685 
299.66 
299.479 
299.032 
298.816 
298.747 
298.703 
298.708 
299.114 
299.453 
299.569 
299.664 
299.418 
299.262 
299.313 
299.227 
299.088 
299.047 
298.978 
298.822 
298.66 
298.579 
298.525 
298.6 
298.668 
298.666 
297.918 
297.908 
297.953 
298.047 
298.137 
298.181 
298.227 
298.217 
298.484 
297.397 
297.695 
298.562 
298.362 
298.242 
297.414 
297.272 
297.224 
296.895 
296.837 
296.94 
297.156 
297.464 
298.125 
298.198 
298.426 
297.816 
298.419 
298.13 
297.45 
298.419 
298.687 
297.621 
298.793 
298.965 
298.847 
298.884 
298.934 
298.902 
298.149 
298.469 
298.553 
298.688 
298.9 
299.126 
299.316 
299.466 
299.496 
299.27 
299.158 
299.102 
299.068 
298.837 
298.864 
299.015 
299.371 
299.417 
299.502 
299.578 
299.056 
298.93 
298.921 
298.951 
298.932 
298.822 
298.682 
298.578 
298.544 
298.598 
298.663 
298.642 
298.642 
297.944 
297.936 
297.944 
297.979 
298.047 
298.127 
298.242 
298.327 
299.106 
298.778 
298.714 
298.467 
298.194 
298.109 
297.427 
297.306 
297.396 
296.907 
296.832 
296.87 
297.214 
297.495 
297.607 
297.502 
298.347 
298.398 
298.424 
298.043 
296.693 
298.428 
298.67 
298.347 
297.913 
298.886 
298.641 
298.906 
299.177 
298.738 
298.65 
298.932 
299.043 
299.145 
299.143 
299.107 
299.247 
299.352 
299.321 
299.185 
299.123 
299.062 
298.969 
298.982 
298.971 
298.73 
299.183 
299.357 
299.311 
299.253 
299.161 
298.92 
298.795 
298.806 
298.786 
298.665 
298.525 
298.488 
298.53 
298.614 
298.582 
298.589 
298.728 
298.821 
297.981 
297.965 
297.993 
298.059 
298.116 
298.199 
298.641 
298.389 
297.305 
298.854 
298.617 
298.224 
298.065 
298.03 
297.338 
297.108 
297.257 
296.94 
296.917 
297.872 
297.563 
297.647 
297.687 
297.77 
297.752 
298.36 
298.044 
296.704 
298.27 
297.627 
297.565 
298.696 
298.704 
298.369 
299.014 
299.176 
298.892 
298.163 
298.806 
299.436 
299.649 
299.693 
299.517 
299.335 
299.264 
299.167 
299.048 
298.979 
298.832 
298.598 
298.862 
298.985 
299.015 
299.059 
299.236 
299.255 
299.163 
299.226 
299.133 
298.957 
298.831 
298.698 
298.618 
298.602 
298.566 
298.577 
298.635 
298.634 
298.67 
297.986 
298.048 
298.038 
298.003 
298.04 
298.109 
298.145 
298.178 
298.206 
298.252 
298.553 
298.505 
298.711 
297.712 
297.483 
297.359 
297.341 
297.129 
297.121 
297.03 
297.029 
297.363 
297.594 
297.605 
297.715 
298.358 
298.382 
297.784 
297.199 
296.811 
298.052 
296.244 
296.298 
296.552 
296.938 
296.649 
298.118 
299.157 
299.115 
298.301 
297.94 
297.845 
298.731 
298.929 
299.379 
299.284 
299.161 
299.028 
298.953 
298.919 
298.239 
298.347 
298.808 
298.895 
298.986 
299.047 
299.097 
299.14 
299.117 
299.152 
299.259 
299.14 
298.971 
298.819 
298.802 
298.777 
298.689 
298.608 
298.582 
298.672 
298.284 
298.064 
298.066 
298.033 
298 
298.063 
298.149 
298.17 
298.177 
298.191 
298.214 
298.845 
298.656 
298.194 
297.868 
297.484 
297.325 
297.245 
297.165 
297.246 
297.086 
297.135 
297.459 
297.6 
297.679 
297.771 
297.861 
297.44 
297.727 
297.669 
296.648 
297.991 
296.565 
295.694 
296.133 
296.244 
296.425 
298.676 
298.36 
298.01 
297.944 
297.766 
298.543 
298.713 
299.59 
298.118 
298.391 
298.576 
298.823 
298.709 
298.665 
298.897 
298.82 
298.782 
298.475 
298.828 
299.014 
299.112 
299.1 
299.154 
299.157 
299.161 
299.263 
299.184 
299.06 
299.029 
298.925 
298.792 
298.625 
297.926 
298.091 
298.374 
298.135 
298.133 
298.042 
297.94 
298.01 
298.166 
298.213 
298.203 
298.2 
298.189 
298.852 
298.528 
298.024 
297.734 
297.394 
297.243 
297.206 
297.19 
297.313 
297.099 
297.19 
297.452 
297.739 
297.629 
297.745 
297.671 
297.678 
297.925 
297.753 
297.045 
297.888 
297.8 
297.415 
296.274 
296.217 
296.425 
297.663 
297.604 
297.205 
297.157 
297.607 
297.93 
298.028 
298.306 
298.76 
298.907 
298.698 
298.71 
298.708 
298.97 
298.999 
298.921 
298.833 
298.738 
298.815 
298.983 
299.104 
299.107 
299.143 
299.168 
299.131 
299.185 
299.326 
299.189 
299.026 
298.901 
298.108 
298.113 
298.758 
298.028 
298.21 
298.252 
298.262 
298.154 
297.841 
297.812 
298.13 
298.19 
298.161 
298.177 
298.176 
298.787 
298.249 
298.04 
297.807 
297.365 
297.268 
297.118 
297.422 
297.319 
297.073 
297.176 
297.329 
297.45 
297.614 
298.289 
297.706 
297.858 
297.879 
297.65 
297.412 
297.747 
297.881 
297.35 
297.243 
296.985 
296.924 
297.27 
297.067 
296.507 
296.372 
295.854 
295.845 
295.838 
296.687 
297.949 
298.892 
299.215 
298.812 
298.755 
299.276 
299.562 
299.365 
299.104 
298.853 
298.957 
299.063 
299.118 
299.104 
299.143 
299.133 
299.147 
299.156 
299.326 
299.252 
299.047 
298.864 
298.778 
298.708 
298.718 
298.688 
298.346 
298.335 
298.249 
298.688 
298.462 
298.345 
298.054 
298.123 
298.048 
298.046 
298.036 
298.46 
298.094 
297.984 
297.788 
297.405 
297.426 
297.464 
297.5 
297.31 
296.875 
297.066 
297.348 
297.413 
298.096 
298.171 
297.822 
297.857 
297.759 
298.575 
297.668 
296.935 
297.584 
297.666 
296.91 
297.144 
297.534 
297.813 
296.909 
296.433 
296.185 
295.259 
294.658 
294.572 
295.395 
296.212 
297.094 
298.364 
300.044 
300.301 
299.853 
299.953 
299.89 
299.694 
299.077 
298.916 
299.086 
299.145 
299.14 
299.143 
299.156 
299.072 
299.154 
299.333 
298.964 
298.663 
298.577 
298.436 
298.458 
298.63 
298.628 
298.536 
298.554 
298.611 
298.556 
298.389 
298.331 
298.028 
298.081 
298.022 
297.955 
297.872 
298.36 
297.899 
298.014 
297.829 
297.532 
297.513 
297.606 
297.514 
297.262 
296.941 
297.211 
297.328 
297.326 
297.25 
297.43 
298.412 
297.638 
298.59 
297.998 
297.572 
296.889 
297.517 
297.638 
296.948 
297.514 
297.653 
298.001 
297.807 
297.423 
296.802 
295.524 
294.221 
294.111 
294.751 
295.237 
295.794 
297.19 
297.766 
300.266 
300.059 
299.887 
299.852 
299.842 
299.58 
299.163 
299.098 
299.056 
299.024 
299.158 
299.122 
299.1 
299.062 
299.032 
298.416 
298.179 
297.536 
298.269 
298.271 
298.432 
298.577 
298.567 
298.41 
298.493 
298.671 
298.564 
298.439 
297.883 
297.945 
297.941 
297.891 
297.821 
298.417 
298.092 
298.023 
297.885 
297.623 
297.623 
297.583 
297.459 
296.934 
296.971 
297.267 
297.33 
297.262 
297.358 
297.809 
298.408 
298.612 
297.609 
297.916 
297.53 
297.101 
296.436 
296.712 
297.046 
297.387 
297.686 
297.973 
298.336 
298.639 
298.323 
296.539 
294.787 
294.952 
295.346 
295.986 
296.225 
296.856 
298.024 
299.989 
299.878 
299.578 
299.582 
299.568 
299.504 
299.35 
299.302 
299.178 
298.924 
298.883 
299.074 
299.071 
298.949 
298.944 
298.608 
297.526 
297.369 
297.64 
297.62 
297.836 
298.397 
298.517 
298.512 
298.49 
298.772 
298.742 
298.535 
297.795 
297.768 
297.791 
297.752 
297.748 
297.87 
297.588 
297.36 
297.396 
297.34 
297.379 
297.456 
297.235 
297.033 
297.062 
297.292 
297.196 
297.332 
298.166 
298.245 
298.42 
297.666 
297.928 
297.567 
297.38 
297.432 
297.328 
296.774 
297.328 
297.921 
297.49 
297.622 
297.848 
298.95 
299.898 
298.344 
296.781 
296.337 
296.371 
297.008 
297.184 
297.582 
299.164 
299.546 
299.57 
299.219 
299.267 
299.329 
299.347 
299.307 
299.227 
299.185 
299.128 
298.703 
298.755 
298.928 
298.837 
298.669 
298.681 
298.501 
297.549 
297.485 
297.53 
297.543 
297.726 
298.443 
298.229 
298.261 
298.351 
298.361 
298.664 
298.29 
297.476 
297.63 
297.563 
297.595 
296.31 
296.301 
295.924 
296.147 
296.631 
296.969 
296.963 
296.996 
296.922 
297.074 
297.27 
297.263 
297.501 
297.585 
297.664 
297.66 
298.506 
297.587 
297.258 
297.708 
298.077 
297.94 
296.845 
296.882 
297.244 
297.459 
298.266 
298.542 
298.821 
299.438 
298.796 
298.184 
297.743 
298.297 
297.91 
298.049 
298.341 
298.747 
299.234 
299.26 
299.123 
299.18 
299.247 
299.271 
299.27 
299.248 
299.239 
299.117 
298.799 
298.594 
298.573 
298.688 
298.636 
298.608 
298.049 
297.713 
297.51 
297.522 
297.575 
297.598 
297.697 
297.883 
298.032 
298.085 
298.053 
298.199 
297.976 
297.715 
297.548 
297.47 
297.494 
295.519 
295.723 
295.328 
295.408 
296.185 
296.868 
296.992 
296.744 
296.782 
296.95 
296.929 
297.141 
297.471 
297.598 
297.545 
297.637 
297.67 
297.646 
297.64 
298.088 
298.458 
297.661 
297.338 
297.321 
296.968 
297.377 
297.261 
297.384 
297.978 
299.372 
300.552 
300.55 
298.914 
298.849 
298.726 
299.232 
298.681 
298.66 
299.219 
299.383 
299.313 
298.891 
298.995 
298.948 
299.007 
299.128 
299.28 
299.11 
299.04 
298.717 
298.458 
298.295 
298.299 
298.436 
298.185 
297.98 
297.72 
297.577 
297.576 
297.626 
297.656 
297.745 
297.84 
297.889 
297.96 
297.986 
297.89 
297.7 
297.508 
297.402 
297.426 
295.358 
295.425 
294.567 
295.002 
295.336 
296.161 
296.25 
296.319 
296.45 
296.675 
296.623 
296.948 
297.299 
297.222 
297.356 
297.586 
297.672 
297.746 
298.089 
298.484 
298.542 
297.796 
297.443 
297.458 
296.944 
297.201 
297.49 
297.309 
298.654 
299.098 
299.872 
300.418 
300.332 
300.186 
299.898 
299.699 
299.458 
299.182 
299.269 
299.476 
299.62 
299.142 
298.74 
298.641 
298.564 
298.729 
298.967 
298.898 
298.889 
298.486 
298.245 
298.045 
298.135 
298.323 
298.425 
298.358 
297.921 
297.741 
297.644 
297.691 
297.686 
297.673 
297.709 
297.736 
297.787 
297.884 
297.914 
297.802 
297.559 
297.368 
297.365 
295.694 
295.307 
294.884 
295.061 
295.753 
296.221 
296.113 
296.824 
296.607 
297.878 
296.613 
296.855 
296.965 
297.433 
297.394 
297.774 
297.512 
297.921 
298.317 
298.514 
298.269 
298.067 
297.845 
297.407 
296.911 
297.308 
297.667 
297.269 
297.582 
298.099 
299.229 
299.15 
299.531 
299.16 
298.942 
298.808 
298.778 
299.026 
299.148 
299.56 
299.647 
299.238 
298.963 
298.809 
298.621 
298.627 
298.8 
298.586 
298.724 
298.649 
298.376 
298.082 
298.212 
298.342 
298.431 
298.385 
297.934 
297.607 
297.721 
297.807 
297.799 
297.708 
297.635 
297.635 
297.671 
297.714 
297.73 
297.74 
297.605 
297.379 
297.3 
296.065 
295.862 
295.201 
295.083 
295.299 
296.199 
296.812 
297.114 
296.999 
297.865 
297.965 
296.736 
296.737 
296.797 
297.227 
297.765 
297.717 
298.099 
298.494 
298.151 
298.113 
298.261 
298.307 
297.342 
297.11 
297.473 
297.571 
297.19 
297.397 
298.606 
299.045 
299.083 
298.912 
298.858 
298.991 
298.891 
298.586 
298.715 
299.074 
299.577 
299.625 
299.291 
298.882 
298.954 
298.735 
298.459 
298.484 
298.635 
298.361 
298.524 
298.336 
298.056 
298.021 
297.284 
297.773 
297.679 
298.301 
297.283 
297.195 
297.732 
297.946 
297.898 
297.729 
297.589 
297.638 
297.71 
297.625 
297.549 
297.534 
297.401 
297.285 
296.139 
296.17 
295.468 
295.183 
295.518 
296.374 
297.09 
297.473 
297.205 
297.613 
297.487 
298.023 
296.72 
296.725 
297.027 
297.445 
297.895 
298.509 
298.519 
298.04 
297.993 
298.553 
298.17 
297.867 
297.504 
297.617 
297.609 
297.2 
297.182 
298.344 
298.589 
298.685 
298.596 
298.68 
298.815 
298.538 
298.434 
298.632 
298.892 
299.291 
299.452 
299.362 
298.881 
298.716 
298.603 
298.395 
298.268 
298.389 
298.305 
298.411 
298.347 
298.17 
298.151 
297.505 
297.629 
297.582 
297.615 
297.136 
297.328 
297.66 
297.838 
298.129 
298.036 
297.76 
297.688 
297.828 
297.78 
297.609 
297.565 
297.499 
297.348 
296.045 
296.36 
296.173 
295.825 
295.47 
296.348 
296.948 
297.202 
297.653 
297.828 
298 
297.368 
297.133 
296.656 
296.819 
297.412 
298.132 
298.588 
298.187 
298.098 
298.369 
298.412 
298.156 
298.291 
297.854 
298.642 
297.944 
297.514 
297.983 
298.135 
298.187 
297.245 
297.394 
298.687 
298.807 
298.625 
298.52 
298.685 
297.734 
298.193 
299.206 
299.289 
298.819 
298.344 
298.518 
298.522 
298.6 
298.51 
298.413 
298.275 
298.218 
298.127 
298.207 
297.836 
297.975 
297.825 
297.553 
297.472 
297.444 
297.47 
297.837 
297.899 
298.072 
298.036 
297.918 
298.019 
298.048 
297.91 
297.809 
297.72 
297.555 
296.737 
296.303 
296.765 
296.386 
296.098 
296.127 
296.805 
297.114 
297.862 
298.023 
297.607 
297.642 
297.84 
297.031 
296.787 
297.362 
298.295 
298.237 
298.24 
298.514 
298.55 
298.211 
298.114 
299.297 
299.32 
298.548 
297.799 
297.167 
297.876 
297.965 
298.218 
297.178 
297.534 
298.9 
298.339 
298.945 
298.662 
298.67 
299.523 
297.722 
297.786 
298.219 
298.373 
298.568 
298.606 
298.639 
298.093 
297.811 
297.695 
298.26 
298.201 
298.007 
297.716 
298.229 
298.44 
298.46 
298.421 
298.303 
297.551 
297.434 
297.585 
297.763 
297.668 
297.866 
297.788 
297.967 
298.304 
298.222 
298.01 
297.811 
297.699 
296.991 
296.987 
296.7 
296.72 
296.778 
296.532 
296.612 
296.968 
298.018 
297.607 
297.794 
297.938 
297.861 
297.267 
297.026 
297.469 
298.094 
298.198 
298.39 
298.721 
298.406 
298.153 
298.205 
298.172 
297.913 
298.489 
298.427 
298.079 
297.856 
297.984 
297.582 
297.541 
298.475 
298.062 
298.251 
299.102 
298.847 
298.543 
300.395 
298.807 
297.826 
297.896 
298.141 
297.874 
298.379 
298.405 
297.941 
298.239 
297.88 
298.327 
298.154 
297.742 
298.014 
298.446 
298.54 
298.44 
298.303 
298.221 
298.02 
297.232 
297.192 
297.509 
297.501 
297.637 
297.623 
297.731 
298.032 
298.222 
298.105 
297.308 
297.326 
297.381 
297.603 
297.08 
296.671 
297.198 
296.755 
296.614 
296.946 
297.194 
297.314 
297.581 
297.791 
297.623 
297.566 
297.656 
297.644 
297.489 
297.846 
298.495 
298.679 
298.344 
298.405 
298.27 
297.979 
299.521 
298.755 
297.593 
298.378 
296.927 
297.142 
297.721 
297.978 
298.188 
298.237 
299.143 
298.351 
298.227 
298.301 
300.306 
299.827 
297.898 
297.766 
297.819 
297.812 
297.614 
297.483 
297.754 
297.656 
298.156 
298.391 
297.437 
297.524 
297.96 
298.274 
298.312 
298.238 
298.031 
297.004 
297.148 
296.997 
297.011 
297.108 
297.077 
297.244 
297.548 
297.763 
297.936 
298.213 
297.807 
297.023 
296.996 
297.75 
297.558 
297.66 
297.418 
297.897 
296.73 
296.866 
297.277 
296.755 
296.686 
296.931 
297.481 
297.521 
297.621 
298.026 
297.771 
297.372 
297.654 
298.305 
298.115 
298.276 
298.564 
298.48 
298.012 
298.587 
298.562 
297.342 
297.288 
296.892 
297.075 
297.29 
297.754 
298 
298.05 
299.117 
298.086 
298.175 
298.568 
300.202 
299.727 
298.829 
297.906 
297.783 
297.849 
297.348 
297.386 
297.81 
297.894 
297.768 
297.598 
296.878 
296.714 
297.214 
298.366 
297.499 
297.413 
297.955 
297.666 
296.865 
297.053 
297.019 
296.865 
296.776 
296.923 
297.437 
297.676 
297.879 
297.615 
297.206 
296.908 
296.918 
297.233 
297.579 
297.881 
298.26 
297.89 
297.513 
297.035 
297.473 
297.078 
296.79 
296.651 
296.922 
297.254 
297.661 
298.199 
298.117 
297.76 
297.589 
298.041 
297.812 
299.063 
299.346 
298.732 
298.217 
298.858 
298.344 
297.813 
296.848 
296.965 
297.3 
297.39 
297.693 
298.188 
297.666 
297.893 
297.77 
298.045 
299.526 
299.492 
299.972 
299.402 
298.043 
297.693 
297.473 
297.041 
297.395 
297.857 
298.044 
297.592 
297.946 
296.47 
296.42 
297.796 
298.326 
298.296 
298.158 
298.002 
297.825 
297.822 
297.148 
297.174 
296.755 
296.749 
296.849 
297.16 
297.574 
297.428 
297.339 
297.067 
297.088 
297.182 
297.355 
297.738 
298.232 
298.22 
298.024 
297.909 
297.98 
297.667 
297.355 
296.99 
296.404 
296.618 
296.939 
297.778 
298.077 
298.084 
298.132 
298.157 
297.602 
297.586 
297.924 
298.434 
298.612 
298.649 
298.88 
298.326 
297.397 
296.586 
297.187 
297.477 
297.678 
298.088 
298.47 
298.437 
298.343 
297.864 
297.958 
298.805 
299.369 
300.064 
299.593 
299.04 
298.021 
297.158 
297.048 
297.861 
297.751 
297.545 
297.528 
297.309 
296.478 
296.181 
296.715 
298.2 
298.125 
298.062 
297.954 
297.899 
297.966 
297.197 
297.22 
297.139 
297.037 
297.057 
297.193 
297.27 
297.503 
297.458 
297.232 
297.2 
297.297 
297.411 
297.925 
298.394 
298.28 
298.192 
298.25 
298.561 
298.13 
297.874 
297.481 
297.318 
296.741 
297.053 
297.663 
298.185 
298.307 
298.394 
298.439 
297.932 
297.693 
298.129 
297.8 
298.235 
299.177 
299.178 
298.338 
297.664 
297.056 
297.412 
297.506 
298.154 
298.365 
298.622 
298.455 
298.093 
298.205 
297.87 
298.884 
299.843 
299.824 
298.844 
299.093 
298.408 
297.58 
297.294 
297.606 
297.42 
297.386 
297.596 
297.441 
296.632 
295.901 
297.391 
298.162 
298.023 
298.041 
297.345 
297.217 
297.262 
297.311 
297.308 
297.208 
297.099 
297.13 
297.277 
297.285 
297.538 
298.282 
297.278 
297.382 
297.55 
297.007 
297.787 
298.453 
298.113 
298.209 
298.373 
298.318 
298.293 
298.041 
297.808 
297.635 
297.314 
297.331 
297.65 
298.114 
298.257 
298.487 
298.404 
298.342 
298.419 
298.313 
297.987 
298.321 
299.255 
300.202 
299.384 
298.967 
297.959 
297.927 
298.096 
298.644 
299.521 
300.324 
300.178 
300.015 
299.59 
299.262 
299.93 
299.936 
299.734 
299.667 
299.522 
298.488 
298.03 
297.586 
297.699 
297.426 
297.36 
297.572 
297.378 
296.14 
295.796 
297.402 
297.724 
298.043 
297.238 
297.627 
298.154 
298.204 
298.228 
297.309 
297.174 
297.089 
297.13 
297.199 
297.337 
297.5 
297.63 
297.617 
297.666 
297.711 
295.864 
297.038 
297.549 
298.141 
298.25 
298.661 
298.472 
298.242 
298.313 
298.136 
297.934 
297.717 
297.532 
297.534 
298.225 
298.089 
297.654 
297.776 
298.054 
298.44 
298.425 
298.268 
298.486 
299.095 
299.835 
299.695 
299.433 
299.567 
299.352 
298.861 
299.202 
299.578 
299.579 
300.245 
299.69 
299.977 
300.621 
300.516 
299.393 
299.317 
299.401 
299.379 
298.195 
298.298 
297.72 
297.616 
297.572 
297.39 
297.409 
297.276 
296.007 
296.679 
299.648 
299.414 
298.956 
298.58 
298.435 
298.337 
298.4 
298.679 
298.48 
298.347 
297.383 
297.133 
297.122 
297.235 
297.525 
297.867 
297.881 
297.629 
297.605 
294.499 
295.82 
296.8 
297.681 
298.028 
298.207 
298.354 
298.223 
298.391 
298.216 
298.139 
298.003 
297.754 
297.468 
297.261 
296.624 
296.035 
296.117 
297.039 
297.923 
298.621 
298.563 
298.62 
299.295 
299.401 
299.298 
299.715 
299.47 
299.16 
298.97 
299.162 
298.42 
297.816 
297.859 
298.546 
299.354 
300.635 
299.658 
299.436 
299.361 
298.61 
298.585 
298.298 
298.061 
297.53 
297.513 
297.703 
297.581 
297.448 
297.306 
296.474 
297.762 
298.927 
298.962 
299.697 
298.703 
298.428 
298.206 
298.429 
299.15 
298.683 
298.602 
298.441 
297.467 
297.356 
297.263 
297.517 
297.806 
298.23 
297.767 
297.402 
293.673 
294.675 
295.795 
296.816 
297.284 
298.044 
298.119 
298.352 
298.432 
298.275 
298.034 
298.03 
298.157 
297.778 
297.398 
296.738 
295.797 
295.225 
295.708 
296.683 
297.983 
298.805 
299.131 
299.341 
298.999 
298.567 
298.072 
297.885 
298.047 
298.21 
298.003 
297.094 
295.963 
295.397 
296.097 
298.064 
299.197 
299.651 
299.795 
298.682 
298.074 
298.369 
298.407 
297.876 
297.173 
297.311 
297.706 
297.639 
297.559 
297.283 
296.742 
298.065 
298.618 
299.047 
298.602 
298.622 
297.778 
297.699 
298.3 
298.067 
298.857 
298.55 
298.582 
297.478 
297.478 
297.414 
297.465 
297.751 
297.946 
297.816 
297.26 
293.488 
293.704 
294.355 
295.356 
296.55 
297.122 
297.021 
297.384 
297.918 
298.351 
297.916 
297.336 
297.601 
297.988 
297.616 
297.129 
296.727 
295.928 
295.299 
295.488 
296.482 
297.821 
298.843 
298.953 
298.954 
297.798 
296.136 
295.202 
295.524 
296.42 
296.476 
295.518 
294.556 
293.785 
293.964 
296.148 
298.009 
299.044 
299.419 
298.859 
297.96 
298.701 
298.499 
298.087 
297.067 
297.225 
298.089 
298.209 
297.779 
297.544 
296.86 
297.633 
298.29 
298.857 
298.562 
298.983 
298.323 
298.157 
298.087 
298.767 
297.779 
298.812 
298.713 
298.665 
298.523 
298.339 
298.296 
297.676 
297.9 
297.937 
297.789 
293.394 
293.427 
293.712 
294.308 
295.42 
296.066 
295.98 
295.926 
297.132 
298.595 
298.142 
297.51 
297.402 
297.715 
297.625 
297.401 
297.359 
296.969 
296.118 
295.331 
295.303 
296.426 
297.686 
298.271 
298.211 
297.763 
295.843 
293.857 
293.281 
294.23 
294.317 
293.236 
292.552 
292.12 
292.552 
294.815 
296.919 
298.223 
298.723 
298.943 
299.465 
298.871 
298.295 
297.517 
297.423 
297.234 
297.562 
298.103 
297.638 
297.729 
297.181 
297.296 
297.615 
299.167 
298.678 
298.967 
298.482 
298.207 
298.824 
299.181 
298.691 
299.062 
298.829 
298.659 
298.657 
298.615 
298.648 
297.677 
297.771 
297.691 
297.578 
293.301 
293.662 
293.799 
293.847 
294.455 
295.157 
295.506 
295.697 
296.244 
297.855 
297.832 
297.922 
297.706 
297.212 
297.035 
297.009 
297.278 
297.334 
296.922 
296.495 
295.554 
295.615 
295.857 
296.847 
297.54 
297.436 
296.556 
294.591 
293.136 
292.874 
292.616 
291.483 
290.77 
290.669 
291.871 
294.3 
296.375 
297.706 
298.513 
298.63 
299.077 
299.555 
298.602 
298.405 
297.531 
296.886 
297.211 
297.334 
297.708 
298.252 
298.185 
298.065 
298.341 
299.123 
299.251 
298.85 
299.285 
298.79 
299.244 
299.6 
298.888 
297.589 
297.794 
298.632 
298.995 
299.162 
298.325 
297.625 
297.794 
298.215 
298.044 
293.084 
293.875 
294.021 
293.9 
293.993 
294.359 
295.009 
295.483 
296.201 
296.377 
296.853 
297.284 
297.516 
296.586 
296.451 
296.607 
297.192 
297.311 
297.448 
297.464 
296.751 
295.965 
294.983 
294.826 
295.505 
296.251 
296.498 
295.341 
293.996 
293.107 
292.565 
291.697 
291.031 
290.888 
291.988 
294.343 
296.219 
297.496 
298.642 
299.641 
300.133 
300.01 
299.514 
298.875 
298.524 
297.623 
297.513 
297.817 
298.408 
299.026 
299.067 
298.491 
297.512 
299.027 
299.213 
299.168 
298.648 
297.741 
298.027 
298.6 
298.018 
297.345 
297.501 
298.038 
299.071 
298.186 
298.36 
298.003 
297.504 
297.753 
297.764 
