297.38 
297.361 
297.34 
297.299 
297.263 
297.249 
297.244 
297.006 
296.945 
296.863 
296.792 
296.717 
296.648 
296.584 
296.552 
296.566 
296.604 
296.629 
296.652 
296.688 
296.731 
296.759 
296.772 
296.786 
296.817 
296.869 
296.925 
296.975 
297.021 
297.057 
297.081 
297.093 
297.099 
297.131 
297.171 
297.209 
297.239 
297.24 
297.255 
297.278 
297.273 
297.247 
297.206 
297.169 
297.154 
297.15 
297.146 
297.142 
297.151 
297.179 
297.207 
297.201 
297.182 
297.181 
297.189 
297.18 
297.16 
297.146 
297.14 
297.142 
297.147 
297.129 
297.095 
297.082 
297.096 
297.112 
297.125 
297.141 
297.158 
297.157 
297.14 
297.408 
297.401 
297.403 
297.377 
297.33 
297.288 
297.27 
297.047 
297.033 
296.97 
296.886 
296.804 
296.726 
296.643 
296.565 
296.53 
296.56 
296.64 
296.695 
296.723 
296.742 
296.747 
296.749 
296.746 
296.753 
296.791 
296.855 
296.919 
296.966 
296.992 
297.013 
297.036 
297.054 
297.082 
297.123 
297.174 
297.213 
297.223 
297.23 
297.232 
297.225 
297.21 
297.192 
297.169 
297.152 
297.151 
297.163 
297.171 
297.167 
297.176 
297.207 
297.228 
297.21 
297.199 
297.209 
297.204 
297.184 
297.162 
297.154 
297.159 
297.162 
297.14 
297.109 
297.098 
297.116 
297.141 
297.162 
297.183 
297.2 
297.198 
297.177 
297.415 
297.416 
297.424 
297.427 
297.397 
297.347 
297.289 
297.264 
297.057 
297.049 
297 
296.921 
296.839 
296.773 
296.678 
296.6 
296.559 
296.584 
296.668 
296.71 
296.723 
296.723 
296.726 
296.728 
296.725 
296.748 
296.81 
296.885 
296.933 
296.947 
296.962 
296.982 
297.012 
297.066 
297.128 
297.17 
297.186 
297.202 
297.204 
297.175 
297.154 
297.14 
297.146 
297.148 
297.133 
297.126 
297.146 
297.171 
297.178 
297.177 
297.189 
297.212 
297.212 
297.192 
297.193 
297.2 
297.193 
297.178 
297.177 
297.186 
297.189 
297.174 
297.155 
297.142 
297.141 
297.161 
297.188 
297.214 
297.237 
297.245 
297.237 
297.409 
297.428 
297.426 
297.439 
297.435 
297.41 
297.351 
297.276 
297.031 
297.055 
297.075 
297.053 
296.968 
296.901 
296.849 
296.766 
296.693 
296.63 
296.619 
296.659 
296.688 
296.707 
296.734 
296.769 
296.803 
296.858 
296.927 
296.967 
296.982 
296.985 
296.996 
297.024 
297.065 
297.134 
297.203 
297.222 
297.198 
297.195 
297.196 
297.157 
297.122 
297.095 
297.093 
297.102 
297.1 
297.092 
297.105 
297.131 
297.149 
297.161 
297.165 
297.18 
297.193 
297.178 
297.16 
297.167 
297.174 
297.179 
297.197 
297.212 
297.211 
297.209 
297.21 
297.206 
297.192 
297.192 
297.21 
297.232 
297.258 
297.278 
297.289 
297.391 
297.431 
297.425 
297.434 
297.436 
297.433 
297.412 
297.348 
297.037 
297.022 
297.05 
297.103 
297.103 
296.998 
296.942 
296.95 
296.865 
296.81 
296.737 
296.678 
296.698 
296.781 
296.891 
296.988 
296.981 
296.952 
297.022 
297.106 
297.135 
297.158 
297.164 
297.188 
297.228 
297.274 
297.316 
297.3 
297.265 
297.232 
297.22 
297.191 
297.155 
297.123 
297.093 
297.075 
297.078 
297.086 
297.09 
297.093 
297.096 
297.111 
297.134 
297.15 
297.167 
297.175 
297.148 
297.138 
297.157 
297.2 
297.253 
297.266 
297.263 
297.273 
297.272 
297.246 
297.243 
297.245 
297.243 
297.255 
297.277 
297.306 
297.329 
297.365 
297.418 
297.421 
297.426 
297.427 
297.425 
297.426 
297.406 
297.329 
297.037 
297.018 
297.045 
297.107 
297.126 
297.02 
297.004 
297.179 
297.078 
297.005 
296.985 
297.041 
297.202 
297.38 
297.509 
297.306 
297.012 
296.991 
297.195 
297.21 
297.273 
297.313 
297.304 
297.368 
297.429 
297.433 
297.389 
297.362 
297.33 
297.302 
297.271 
297.234 
297.197 
297.144 
297.109 
297.108 
297.139 
297.149 
297.125 
297.101 
297.099 
297.122 
297.148 
297.163 
297.185 
297.18 
297.171 
297.21 
297.29 
297.35 
297.339 
297.326 
297.324 
297.309 
297.254 
297.277 
297.318 
297.304 
297.309 
297.331 
297.366 
297.389 
297.359 
297.393 
297.41 
297.414 
297.416 
297.412 
297.416 
297.425 
297.377 
297.065 
297.027 
297.016 
297.03 
297.085 
297.134 
297.019 
297.221 
297.235 
297.224 
297.192 
297.239 
297.347 
297.436 
297.496 
297.12 
296.464 
297.047 
297.277 
297.357 
297.174 
297.192 
297.249 
297.324 
297.45 
297.486 
297.477 
297.464 
297.443 
297.406 
297.369 
297.335 
297.297 
297.216 
297.164 
297.158 
297.205 
297.236 
297.225 
297.199 
297.184 
297.186 
297.199 
297.212 
297.227 
297.243 
297.27 
297.331 
297.402 
297.408 
297.37 
297.325 
297.27 
296.801 
296.8 
296.921 
297.392 
297.39 
297.396 
297.41 
297.436 
297.446 
297.63 
297.38 
297.399 
297.405 
297.405 
297.398 
297.399 
297.424 
297.402 
297.083 
297.026 
296.997 
297.002 
297.006 
297.066 
297.114 
296.973 
297.238 
297.245 
297.256 
297.276 
297.319 
297.391 
297.421 
296.746 
296.501 
296.786 
297.15 
297.477 
297.284 
297.132 
297.272 
297.321 
297.32 
297.356 
297.425 
297.503 
297.525 
297.492 
297.457 
297.423 
297.392 
297.303 
297.224 
297.192 
297.235 
297.283 
297.3 
297.298 
297.287 
297.28 
297.288 
297.292 
297.291 
297.312 
297.351 
297.411 
297.461 
297.424 
297.401 
297.36 
297.315 
297.29 
297.316 
297.385 
297.446 
297.474 
297.479 
297.474 
297.464 
297.45 
297.413 
297.385 
297.391 
297.4 
297.399 
297.392 
297.46 
297.41 
297.409 
297.271 
297.153 
296.837 
296.646 
296.613 
296.341 
296.406 
296.391 
296.619 
296.813 
296.81 
296.863 
296.744 
296.944 
296.938 
297.089 
296.414 
296.136 
296.941 
297.404 
297.396 
297.235 
297.434 
297.731 
297.513 
297.338 
297.302 
297.418 
297.525 
297.536 
297.5 
297.486 
297.461 
297.402 
297.328 
297.26 
297.253 
297.279 
297.3 
297.313 
297.324 
297.315 
297.31 
297.309 
297.316 
297.341 
297.378 
297.438 
297.466 
297.454 
297.447 
297.419 
297.381 
297.334 
297.349 
297.42 
297.504 
297.549 
297.55 
297.522 
297.468 
297.43 
297.42 
297.398 
297.39 
297.396 
297.393 
297.389 
297.387 
297.392 
297.4 
297.134 
297.087 
297.005 
296.973 
297.157 
297.151 
296.702 
297.416 
296.863 
296.878 
296.995 
296.727 
296.547 
296.762 
296.8 
296.742 
296.327 
295.998 
296.714 
297.194 
296.863 
296.83 
297.725 
298.407 
298.218 
298.016 
297.708 
297.516 
297.476 
297.542 
297.532 
297.542 
297.529 
297.513 
297.467 
297.41 
297.369 
297.35 
297.354 
297.372 
297.362 
297.328 
297.264 
297.224 
297.236 
297.32 
297.408 
297.454 
297.458 
297.508 
297.507 
297.495 
297.478 
297.433 
297.427 
297.484 
297.559 
297.607 
297.597 
297.565 
297.498 
297.458 
297.424 
297.399 
297.388 
297.385 
297.38 
297.378 
297.371 
297.375 
297.386 
297.128 
297.091 
297.002 
296.941 
296.967 
296.97 
297.11 
297.331 
297.309 
297.018 
297.053 
296.749 
296.518 
296.536 
296.46 
296.52 
296.44 
296.239 
296.588 
297.048 
297.226 
297.311 
297.462 
298.104 
298.536 
298.626 
298.415 
298.054 
297.669 
297.51 
297.507 
297.565 
297.578 
297.605 
297.592 
297.572 
297.562 
297.549 
297.544 
297.572 
297.608 
297.589 
297.517 
297.414 
297.328 
297.345 
297.509 
297.517 
297.496 
297.565 
297.57 
297.588 
297.578 
297.539 
297.3 
297.531 
297.587 
297.64 
297.638 
297.638 
297.622 
297.623 
297.388 
297.381 
297.368 
297.358 
297.354 
297.357 
297.348 
297.36 
297.387 
297.129 
297.102 
297.025 
296.933 
296.932 
296.995 
297.066 
297.159 
297.279 
297.149 
296.976 
296.74 
296.693 
296.795 
296.716 
296.653 
296.534 
296.507 
296.492 
296.817 
297.561 
297.793 
297.684 
298.018 
298.581 
299.523 
299.773 
299.532 
298.175 
297.707 
297.517 
297.522 
297.573 
297.631 
297.683 
297.726 
297.778 
297.83 
297.861 
297.888 
297.999 
298.234 
298.509 
298.484 
297.955 
297.623 
297.681 
297.666 
297.526 
297.572 
297.609 
297.664 
297.671 
297.645 
297.575 
297.535 
297.604 
297.675 
297.704 
297.74 
297.784 
297.83 
297.339 
297.34 
297.338 
297.324 
297.322 
297.33 
297.326 
297.357 
297.403 
297.125 
297.1 
297.043 
296.936 
296.912 
296.956 
297.031 
297.105 
297.233 
297.258 
297.015 
296.914 
296.919 
297.062 
297.005 
296.708 
296.589 
296.64 
296.695 
296.471 
296.36 
298.213 
298.175 
298.046 
298.326 
299.226 
299.759 
299.504 
299.277 
297.881 
297.783 
297.903 
297.84 
297.83 
297.851 
297.912 
298.005 
298.174 
298.343 
298.433 
298.46 
298.419 
298.604 
298.805 
298.671 
297.916 
297.786 
297.887 
297.613 
297.543 
297.586 
297.709 
297.721 
297.703 
297.606 
297.547 
297.627 
297.735 
297.816 
297.864 
297.879 
297.896 
297.306 
297.322 
297.33 
297.313 
297.303 
297.313 
297.335 
297.37 
297.418 
297.124 
297.095 
297.06 
296.945 
296.907 
296.943 
296.992 
297.041 
297.168 
297.591 
297.261 
296.406 
296.649 
296.975 
297.094 
296.939 
296.742 
296.626 
296.405 
296.045 
296.936 
298.438 
297.824 
297.605 
298.099 
298.666 
299.53 
299.382 
299.191 
298.976 
298.89 
298.714 
298.462 
297.969 
297.915 
297.864 
297.876 
298.083 
298.132 
298.184 
298.368 
298.542 
298.458 
298.722 
298.107 
298.145 
298.163 
298.252 
298.069 
297.664 
297.576 
297.883 
297.916 
297.849 
297.704 
297.622 
297.659 
297.791 
297.984 
298.05 
297.979 
297.947 
297.338 
297.366 
297.382 
297.358 
297.32 
297.316 
297.375 
297.394 
297.409 
297.118 
297.086 
297.064 
296.959 
296.893 
296.918 
296.944 
296.752 
297.663 
297.966 
297.515 
296.495 
296.984 
296.967 
296.972 
296.931 
296.781 
296.334 
296.427 
295.845 
296.547 
298.002 
298.546 
297.795 
297.181 
298.296 
298.432 
297.935 
297.957 
299.009 
299.228 
299.303 
299.078 
298.896 
298.703 
298.456 
298.234 
298.081 
298.057 
298.059 
298.029 
298.22 
298.549 
298.867 
297.91 
297.157 
297.38 
298.142 
298.178 
297.869 
297.941 
298.332 
298.448 
298.247 
298.05 
297.805 
297.723 
297.759 
297.934 
298.039 
298.171 
298.094 
297.421 
297.45 
297.459 
297.436 
297.362 
297.326 
297.397 
297.393 
297.365 
297.101 
297.065 
297.043 
296.963 
296.878 
296.876 
296.821 
297.488 
296.34 
296.857 
297.047 
296.603 
296.797 
297.074 
297.01 
296.719 
296.901 
296.663 
296.062 
295.956 
297.714 
298.167 
298.64 
297.477 
297.244 
297.258 
298.438 
299.53 
299.566 
299.582 
299.718 
298.237 
298.199 
298.548 
298.624 
298.186 
298.711 
298.547 
298.222 
298.262 
297.954 
297.9 
298.308 
298.222 
297.659 
297.024 
297.174 
297.555 
298.009 
298.408 
297.979 
298.674 
298.816 
298.587 
298.409 
298.083 
297.776 
297.636 
297.812 
298.115 
298.253 
298.25 
297.492 
297.5 
297.492 
297.48 
297.399 
297.33 
297.365 
297.083 
297.051 
297.067 
297.658 
297.593 
297.042 
297.359 
297.241 
297.401 
297.453 
297.485 
297.306 
297.076 
296.869 
296.711 
296.935 
296.753 
296.711 
296.945 
297.252 
296.219 
297.15 
298.189 
297.883 
298.421 
297.319 
297.232 
296.923 
297.764 
298.655 
298.796 
298.727 
299.195 
299.819 
299.681 
299.414 
299.302 
298.795 
298.442 
298.434 
298.444 
299.089 
299.13 
299.211 
298.374 
298.021 
297.851 
297.285 
296.715 
296.246 
297.1 
298.285 
298.592 
299.099 
299.565 
299.31 
298.603 
298.18 
297.884 
297.586 
297.882 
298.196 
298.269 
298.34 
297.499 
297.489 
297.46 
297.453 
297.398 
297.051 
297.038 
297.035 
297.528 
297.691 
297.571 
297.521 
297.332 
296.831 
296.11 
297.26 
297.309 
297.305 
296.736 
297.245 
297.218 
296.762 
296.729 
297.216 
296.601 
296.604 
297.669 
297.619 
298.728 
297.593 
297.946 
298.681 
298.571 
298.36 
298.415 
298.336 
297.391 
297.054 
297.418 
298.29 
299.276 
299.418 
299.341 
299.288 
299.176 
298.971 
298.992 
299.09 
298.793 
300.209 
298.871 
297.854 
296.886 
297.014 
297.238 
296.66 
295.646 
296.076 
297.607 
298.44 
299.575 
299.436 
299.09 
297.955 
297.964 
297.664 
297.485 
297.839 
298.178 
298.28 
298.423 
297.466 
297.45 
297.402 
297.37 
297.333 
297.015 
296.961 
297.365 
297.055 
297.607 
297.54 
297.501 
297.098 
296.974 
296.518 
296.031 
295.914 
295.916 
296.299 
296.924 
298.104 
298.169 
296.662 
296.883 
296.774 
297.413 
298.742 
298.704 
298.103 
296.944 
297.002 
298.292 
299.296 
299.299 
298.452 
297.068 
295.83 
295.418 
295.886 
296.968 
298.312 
298.923 
299.187 
299.236 
299.112 
298.351 
298.456 
299.2 
299.833 
300.169 
297.7 
297.068 
295.456 
295.645 
296.54 
296.82 
296.614 
296.427 
296.07 
297.159 
297.404 
297.613 
299.191 
299.05 
298.264 
297.677 
297.651 
297.599 
298.428 
298.183 
298.403 
297.421 
297.39 
297.322 
297.004 
296.979 
296.936 
296.867 
297.117 
297.017 
296.932 
296.879 
296.971 
297.503 
296.952 
296.755 
296.032 
297.101 
295.909 
296.052 
296.794 
297.6 
297.99 
296.723 
298.117 
297.685 
297.655 
298.38 
297.9 
297.632 
296.973 
296.763 
297.199 
297.825 
297.68 
296.561 
295.901 
295.544 
295.094 
295.293 
296.408 
297.56 
298.067 
299.09 
299.159 
298.988 
298.914 
299.08 
299.16 
299.777 
299.958 
298.704 
297.005 
295.084 
294.683 
295.285 
296.272 
297.963 
297.502 
296.563 
295.895 
296.297 
297.025 
298.106 
299.152 
298.832 
297.933 
297.505 
297.966 
297.971 
298.099 
298.307 
297.067 
297.029 
296.977 
296.914 
296.868 
296.844 
296.825 
297.048 
296.965 
297.074 
296.982 
296.978 
296.871 
296.846 
296.747 
296.392 
297.163 
296.005 
295.684 
296.256 
295.845 
297.419 
296.515 
298.049 
298.095 
297.613 
298.422 
297.984 
297.773 
297.94 
297.644 
296.985 
296.303 
295.433 
294.768 
295.448 
296.323 
296.463 
296.43 
296.821 
297.502 
298.038 
299.119 
298.842 
298.663 
298.76 
299.02 
299.076 
299.605 
300.277 
298.207 
297.455 
296.284 
295.534 
295.123 
296.211 
298.245 
298.536 
298.339 
297.723 
296.889 
297.46 
297.746 
298.016 
298.726 
298.301 
298.026 
297.714 
297.837 
297.977 
298.089 
296.993 
296.95 
296.916 
296.882 
297.035 
297.025 
296.871 
296.739 
297.573 
297.596 
297.485 
297.382 
297.384 
297.472 
297.488 
297.479 
296.08 
296.136 
297.203 
295.739 
295.724 
295.926 
296.564 
297.85 
298.118 
297.954 
297.355 
298.338 
298.779 
298.961 
298.654 
297.511 
295.866 
294.609 
294.173 
295.072 
296.629 
297.712 
297.902 
297.518 
298.324 
297.577 
298.974 
298.449 
298.442 
298.693 
299.029 
299.104 
299.329 
299.712 
297.875 
297.939 
297.39 
296.516 
296.372 
297.395 
298.278 
298.996 
299.276 
298.524 
298.235 
297.91 
297.88 
297.999 
298.225 
298.335 
297.875 
298.002 
297.834 
297.856 
297.622 
296.939 
296.952 
297.297 
297.347 
297.313 
296.798 
297.025 
297.38 
297.481 
297.514 
296.916 
296.806 
297.27 
297.406 
297.449 
297.44 
297.252 
297.349 
297.414 
297.337 
296.313 
297.358 
296.304 
296.783 
297.889 
297.77 
298.274 
298.155 
298.923 
299.015 
299.203 
298.036 
296.684 
295.158 
293.988 
294.455 
296.078 
297.475 
298.2 
298.213 
298.768 
298.814 
299.022 
298.967 
299 
298.851 
298.82 
298.921 
298.993 
298.213 
297.88 
297.957 
297.82 
297.907 
297.842 
298.545 
298.821 
298.152 
298.292 
298.482 
298.436 
297.927 
297.675 
297.757 
297.984 
298.121 
298.231 
298.016 
297.943 
297.884 
297.929 
296.986 
297.377 
297.446 
297.558 
297.258 
297.237 
296.665 
296.974 
296.961 
297.438 
297.453 
297.381 
297.297 
297.405 
297.399 
297.35 
296.947 
297.026 
297.358 
297.342 
297.533 
297.04 
296.678 
297.703 
297.634 
297.773 
297.972 
299.265 
299.585 
298.682 
298.529 
297.949 
297.299 
295.962 
294.535 
294.425 
295.487 
296.673 
297.533 
298.021 
298.041 
298.726 
298.947 
299.253 
299.341 
299.015 
298.566 
298.634 
297.521 
296.681 
297.264 
297.269 
298.194 
298.686 
298.623 
298.627 
298.157 
298.025 
297.877 
297.764 
297.647 
297.596 
297.501 
297.496 
297.617 
297.723 
298.02 
297.887 
297.716 
297.908 
298.171 
298.301 
297.902 
297.786 
297.732 
297.447 
297.209 
296.91 
296.926 
296.935 
297.122 
297.33 
297.32 
297.283 
297.379 
297.335 
297.344 
296.41 
296.925 
297.137 
297.237 
297.462 
297.739 
297.852 
297.939 
297.678 
297.669 
297.958 
299.476 
298.588 
298.445 
297.699 
297.978 
298.033 
296.644 
295.676 
296.212 
296.432 
296.305 
297.373 
297.65 
297.22 
298.317 
298.371 
298.511 
298.637 
298.637 
298.393 
298.504 
298.13 
297.065 
297.314 
297.876 
298.041 
298.085 
297.914 
297.851 
297.593 
297.404 
297.395 
297.528 
297.429 
297.393 
297.345 
297.293 
297.356 
297.493 
297.58 
297.449 
297.485 
297.738 
298.102 
298.477 
297.805 
297.978 
297.856 
297.379 
297.289 
297.138 
296.839 
297.371 
297.334 
297.281 
297.289 
296.852 
297.318 
297.276 
297.398 
296.801 
295.986 
296.049 
295.988 
297.502 
297.766 
297.908 
298.057 
297.754 
297.587 
297.955 
299.377 
298.323 
298.243 
297.564 
297.844 
298.503 
297.913 
297.632 
297.68 
297.983 
297.997 
297.995 
298.115 
297.837 
297.533 
297.509 
297.42 
297.327 
298.23 
298.196 
298.32 
298.051 
297.852 
297.781 
297.957 
298.163 
298.101 
297.99 
297.831 
297.688 
297.526 
297.504 
297.569 
297.459 
297.312 
297.203 
297.148 
297.229 
297.4 
297.509 
297.64 
297.45 
297.409 
297.795 
298.388 
297.919 
298.185 
298.067 
297.568 
297.402 
297.233 
297.172 
297.282 
297.244 
297.207 
296.883 
297.247 
296.767 
296.742 
297.095 
296.884 
296.269 
297.419 
296.265 
297.472 
297.563 
297.987 
298.06 
297.916 
297.568 
297.341 
298.914 
299.289 
298.243 
297.921 
297.521 
299.228 
299.413 
299.46 
299.19 
298.848 
298.922 
298.892 
298.613 
298.359 
298.141 
298.263 
298.379 
297.961 
297.813 
298.024 
298.132 
297.97 
297.92 
298.034 
298.141 
297.906 
297.74 
297.663 
297.742 
297.793 
297.733 
297.484 
297.327 
297.279 
297.273 
297.353 
297.273 
297.201 
297.294 
297.755 
297.63 
297.586 
297.583 
297.859 
298.321 
298.404 
297.843 
298.016 
297.66 
297.582 
297.496 
297.348 
297.24 
297.203 
296.832 
296.942 
296.781 
297.207 
296.699 
296.875 
297 
297.749 
296.414 
296.465 
297.37 
297.241 
297.653 
297.96 
297.947 
297.726 
297.695 
298.127 
299.117 
299.44 
299.55 
299.504 
299.443 
299.445 
299.328 
299.14 
298.989 
298.802 
298.611 
298.471 
298.337 
298.254 
298.26 
298.278 
298.095 
297.976 
298.033 
298.198 
298.354 
298.141 
297.845 
297.745 
297.76 
297.7 
297.618 
297.577 
297.525 
297.457 
297.312 
297.197 
297.189 
297.379 
297.794 
297.621 
297.394 
297.397 
297.639 
297.751 
297.809 
297.9 
298.09 
298.473 
298.153 
298.366 
298.072 
298.004 
297.244 
297.045 
296.919 
296.772 
296.779 
296.892 
296.898 
296.789 
297.09 
297.139 
297.492 
297.097 
297.893 
297.739 
296.736 
297.399 
297.331 
296.864 
297.785 
297.967 
297.868 
297.79 
297.909 
298.741 
299.636 
299.753 
299.771 
299.63 
299.506 
299.331 
299.016 
298.991 
298.95 
298.736 
298.254 
298.171 
298.218 
298.011 
298.074 
297.996 
298.023 
297.97 
298.01 
298.264 
298.246 
297.899 
297.689 
297.674 
297.707 
297.675 
297.585 
297.449 
297.324 
297.231 
297.151 
297.191 
297.519 
297.848 
297.591 
297.38 
297.384 
297.643 
297.847 
297.849 
298.023 
298.075 
299.091 
298.775 
298.307 
297.901 
297.8 
297.215 
296.92 
297.022 
296.739 
296.837 
296.895 
296.891 
296.7 
296.597 
296.589 
297.566 
297.816 
297.934 
297.81 
296.332 
297.578 
297.956 
297.714 
297.863 
298.317 
297.935 
297.759 
297.797 
298.704 
299.531 
299.364 
299.359 
299.383 
299.351 
299.385 
299.326 
299.354 
299.322 
299.002 
298.322 
297.938 
297.968 
298.037 
297.987 
297.834 
297.994 
297.864 
297.845 
297.962 
298.048 
297.996 
297.838 
297.827 
297.841 
297.691 
297.493 
297.362 
297.306 
297.25 
297.127 
297.16 
297.541 
297.7 
297.629 
297.455 
297.489 
297.723 
297.919 
297.872 
297.822 
298.121 
298.485 
298.713 
298.391 
297.95 
297.683 
297.663 
296.91 
296.676 
296.973 
296.829 
296.875 
297.208 
296.641 
296.657 
296.932 
297.256 
297.438 
297.928 
297.851 
296.342 
297.972 
297.52 
296.999 
298.728 
298.708 
298.295 
298.281 
298.305 
298.897 
298.897 
299.312 
299.043 
299.161 
299.345 
299.318 
299.279 
299.257 
299.267 
299.092 
298.59 
298.046 
297.486 
297.813 
297.998 
298.074 
297.928 
297.777 
297.745 
297.696 
297.653 
297.764 
297.866 
297.877 
297.781 
297.559 
297.389 
297.261 
297.235 
297.222 
297.086 
297.076 
297.466 
297.891 
297.697 
297.507 
297.497 
297.726 
297.876 
297.867 
297.865 
297.935 
298.64 
298.256 
298.38 
297.533 
297.207 
296.969 
296.786 
296.638 
296.757 
296.855 
296.827 
296.663 
296.628 
296.758 
297.15 
297.863 
297.934 
297.539 
297.374 
296.439 
298.13 
296.202 
296.462 
296.074 
297.201 
297.184 
297.807 
298.271 
298.816 
297.92 
298.76 
298.419 
299.59 
299.68 
299.353 
299.146 
299.092 
299.157 
299.135 
298.924 
297.799 
297.912 
297.655 
297.672 
297.948 
297.994 
297.77 
297.704 
297.638 
297.544 
297.526 
297.646 
297.725 
297.645 
297.502 
297.327 
297.122 
297.104 
297.132 
297.18 
297.246 
297.635 
297.836 
297.766 
297.503 
297.448 
297.65 
297.8 
297.835 
297.912 
297.999 
298.517 
298.266 
297.924 
297.63 
297.154 
296.84 
296.562 
296.605 
296.8 
296.861 
296.793 
296.657 
296.702 
296.96 
297.302 
297.461 
297.087 
297.484 
297.562 
296.377 
298.071 
296.935 
296.025 
296.398 
296.655 
296.736 
297.24 
297.534 
297.868 
297.913 
297.973 
298.88 
298.641 
299.331 
298.531 
298.542 
298.037 
297.817 
297.939 
298.188 
299.056 
298.625 
298.058 
297.552 
297.678 
297.99 
297.848 
297.659 
297.696 
297.646 
297.54 
297.529 
297.509 
297.43 
297.395 
297.297 
297.088 
296.982 
297.137 
297.238 
297.295 
297.586 
297.761 
297.782 
297.433 
297.418 
297.618 
297.814 
297.861 
298 
298.151 
298.598 
298.147 
297.747 
297.437 
296.942 
296.695 
296.493 
296.639 
296.819 
296.851 
296.774 
296.659 
296.971 
297.026 
297.266 
297.186 
297.259 
297.608 
297.393 
296.548 
297.708 
298.185 
297.453 
296.934 
296.603 
296.22 
297.153 
297.39 
297.042 
296.77 
296.631 
296.81 
297.066 
297.647 
298.809 
299.663 
298.838 
297.853 
297.978 
299.265 
299.052 
298.729 
298.298 
297.958 
297.809 
297.919 
297.897 
297.649 
297.569 
297.621 
297.547 
297.497 
297.424 
297.328 
297.224 
297.156 
297.005 
297.006 
297.172 
297.337 
297.588 
297.54 
297.662 
297.734 
297.003 
297.009 
297.58 
297.82 
297.896 
297.983 
298.023 
298.459 
297.993 
297.832 
297.55 
296.966 
296.705 
296.458 
296.809 
296.813 
296.829 
296.735 
296.61 
296.814 
297.072 
297.714 
297.157 
297.384 
297.473 
297.055 
297.039 
297.72 
298.138 
297.281 
297.191 
296.623 
295.989 
297.182 
296.993 
296.687 
296.286 
295.733 
295.231 
295.032 
296.004 
297.495 
298.637 
299.197 
297.969 
298.163 
299.19 
298.936 
298.608 
298.28 
298.142 
298.089 
298.006 
297.897 
297.697 
297.521 
297.584 
297.561 
297.415 
297.334 
297.273 
297.199 
297.133 
297.018 
297.02 
297.071 
297.239 
297.34 
297.119 
297.121 
297.41 
297.244 
297.151 
297.185 
297.685 
297.821 
297.885 
297.904 
298.268 
297.986 
297.835 
297.621 
297.252 
296.911 
296.76 
296.842 
296.795 
296.634 
296.595 
296.643 
296.846 
297.48 
297.573 
297.239 
297.381 
297.23 
298.084 
297.822 
297.21 
297.252 
297.305 
296.873 
296.779 
296.331 
296.769 
297.305 
296.426 
295.984 
295.216 
294.31 
293.855 
294.735 
295.74 
296.663 
297.856 
299.018 
299.097 
299.061 
298.898 
298.565 
298.337 
298.221 
298.125 
297.998 
297.928 
297.789 
297.671 
297.681 
297.533 
297.331 
297.25 
297.077 
296.866 
296.914 
297.055 
297.081 
297.02 
297.131 
297.207 
297.118 
297.059 
297.14 
297.063 
297.03 
297.32 
297.387 
297.554 
297.758 
297.819 
298.25 
297.911 
297.863 
297.716 
297.487 
297.121 
296.888 
296.785 
296.701 
296.602 
296.663 
296.664 
296.706 
296.733 
296.878 
297.799 
297.135 
298.027 
297.734 
297.958 
297.762 
298.189 
297.747 
296.781 
297.007 
296.665 
296.477 
297.555 
297.568 
296.587 
295.211 
293.831 
293.389 
294.106 
294.795 
295.39 
296.729 
297.504 
299.146 
298.834 
298.825 
298.647 
298.432 
298.282 
298.153 
297.935 
297.842 
297.797 
297.747 
297.688 
297.596 
297.334 
297.182 
296.894 
296.642 
296.254 
297.011 
297.061 
297.073 
297.047 
297.007 
297.011 
297.011 
297.02 
296.863 
296.891 
297.206 
297.259 
297.367 
297.597 
297.699 
298.325 
298.012 
297.884 
297.783 
297.609 
297.319 
296.929 
296.683 
296.422 
296.59 
296.764 
296.769 
296.613 
296.645 
297.156 
297.723 
297.945 
297.082 
297.888 
298.05 
297.684 
297.723 
297.832 
296.952 
296.713 
296.8 
297.822 
297.319 
297.491 
297.986 
296.56 
294.888 
293.961 
294.854 
295.084 
295.667 
296.656 
297.745 
299.256 
299.14 
298.738 
298.641 
298.437 
298.283 
298.242 
298.087 
297.792 
297.619 
297.619 
297.559 
297.497 
297.278 
297.115 
296.907 
296.2 
296.4 
296.811 
296.7 
296.657 
297.057 
297.071 
296.953 
297.03 
297.04 
296.897 
296.828 
296.619 
297.167 
297.268 
297.328 
297.439 
297.685 
297.416 
297.232 
297.262 
297.245 
297.141 
296.872 
296.521 
296.522 
296.676 
296.945 
296.777 
296.62 
297.295 
297.444 
297.672 
297.071 
297.612 
297.785 
297.592 
297.602 
298.259 
297.854 
297.74 
298.386 
296.988 
297.323 
297.771 
297.839 
298.486 
298.373 
296.875 
295.563 
295.996 
296.481 
296.495 
297.149 
298.723 
299.437 
299.536 
299.176 
298.692 
298.515 
298.31 
298.275 
298.244 
297.96 
297.622 
297.495 
297.393 
297.363 
297.222 
297.129 
297.028 
296.992 
297.04 
297.119 
297.055 
296.955 
296.544 
297.049 
296.7 
297.028 
297.017 
296.49 
296.781 
296.72 
296.402 
297.164 
297.187 
297.216 
296.066 
296.152 
295.852 
296.005 
296.476 
296.709 
296.457 
296.4 
296.644 
296.915 
297.029 
296.916 
296.802 
296.726 
296.955 
297.054 
297.859 
297.399 
297.357 
297.66 
298.067 
298.399 
297.583 
297.435 
297.69 
297.963 
298.714 
298.722 
298.648 
298.45 
299.071 
298.187 
297.503 
297.325 
297.328 
297.347 
298.498 
299.327 
299.721 
299.661 
299.534 
299.2 
298.885 
298.688 
298.499 
298.241 
297.984 
297.662 
297.446 
297.316 
297.304 
297.205 
297.111 
296.993 
296.462 
297.083 
297.205 
297.14 
297.016 
296.962 
296.982 
297.085 
297.12 
297.113 
297.045 
296.503 
296.422 
296.432 
297.042 
297.056 
297.076 
295.159 
295.539 
295.248 
295.286 
296.015 
296.584 
296.529 
296.432 
296.859 
296.975 
296.817 
296.842 
296.801 
296.787 
296.942 
297.088 
297.304 
297.637 
297.533 
298.004 
298.307 
297.896 
297.792 
297.999 
297.853 
297.407 
297.141 
297.46 
297.918 
298.59 
300.113 
300.065 
298.677 
298.148 
297.893 
299.143 
298.012 
299.449 
300.073 
299.635 
299.469 
299.341 
299.148 
298.966 
298.819 
298.338 
297.877 
297.624 
297.412 
297.211 
297.195 
297.156 
297.039 
296.949 
296.503 
296.603 
297.241 
297.261 
297.18 
297.11 
297.103 
297.195 
297.249 
297.255 
297.178 
297.071 
297.005 
296.935 
296.918 
296.908 
296.925 
295.32 
295.187 
294.531 
294.994 
294.996 
295.917 
296.022 
296.559 
296.841 
296.907 
296.669 
296.772 
296.761 
296.587 
296.853 
297.232 
297.517 
297.614 
297.894 
298.323 
298.456 
297.982 
297.874 
298.147 
297.545 
297.226 
297.279 
297.693 
298.958 
298.744 
299.627 
299.766 
299.636 
299.642 
299.508 
299.577 
299.967 
300.349 
300.318 
299.83 
299.455 
299.235 
299.051 
298.049 
298.804 
298.617 
298.005 
297.475 
297.492 
297.359 
297.073 
297.046 
296.911 
296.836 
296.841 
296.894 
296.723 
297.043 
297.362 
297.289 
297.252 
297.31 
297.335 
297.32 
297.253 
297.152 
297.076 
297.007 
296.933 
296.905 
296.872 
295.755 
295.697 
295.106 
295.279 
295.896 
296.356 
296.318 
296.946 
296.799 
297.248 
296.667 
296.825 
296.635 
296.882 
297.032 
297.517 
297.426 
297.675 
298.119 
298.354 
298.316 
298.175 
298.124 
298.032 
297.585 
297.302 
297.467 
297.962 
298.183 
298.202 
298.948 
298.539 
299.201 
299.09 
299.029 
299.329 
299.884 
300.329 
300.374 
300.094 
299.653 
299.239 
299.051 
297.993 
297.961 
298.486 
298.299 
297.591 
297.305 
297.404 
297.235 
297.111 
296.975 
296.776 
296.839 
296.827 
296.594 
296.83 
297.148 
297.433 
297.297 
297.31 
297.33 
297.295 
297.272 
297.21 
297.163 
297.09 
297.064 
296.993 
296.893 
296.048 
295.84 
295.639 
295.593 
295.657 
296.294 
296.616 
296.765 
296.779 
297.17 
297.233 
296.814 
296.66 
296.667 
297.19 
297.556 
297.501 
297.806 
298.172 
298.034 
298.178 
298.383 
298.271 
297.667 
297.827 
297.784 
297.629 
298.027 
298.235 
299.114 
299.008 
298.923 
298.641 
298.754 
298.873 
299.176 
299.747 
300.278 
300.321 
300.073 
299.905 
299.389 
298.962 
299.023 
298.834 
297.918 
297.743 
298.099 
297.217 
297.194 
297.162 
297.008 
296.97 
296.634 
296.7 
296.464 
296.897 
296.621 
296.98 
297.22 
297.322 
297.192 
297.187 
297.211 
297.269 
297.254 
297.239 
297.198 
297.109 
297.069 
296.982 
295.802 
296.239 
295.73 
294.857 
295.339 
295.861 
296.431 
296.778 
296.595 
296.849 
296.628 
297.313 
296.672 
296.953 
297.259 
297.227 
297.553 
298.116 
298.167 
297.936 
298.067 
298.478 
298.105 
297.978 
298.159 
298.048 
297.5 
297.822 
297.983 
299.13 
298.981 
298.846 
298.697 
298.618 
298.613 
298.974 
299.581 
300.146 
300.198 
299.895 
299.764 
299.692 
299.044 
298.936 
299.084 
298.127 
297.967 
298.402 
297.673 
297.189 
297.035 
297.044 
296.989 
296.521 
296.491 
296.399 
296.546 
296.665 
296.971 
297.299 
296.889 
297.131 
297.068 
297.091 
297.244 
297.335 
297.313 
297.257 
297.17 
297.143 
297.103 
296.534 
296.645 
296.006 
295.372 
295.095 
295.557 
296.128 
296.423 
296.771 
296.742 
297.035 
296.677 
296.938 
297.231 
297.059 
297.204 
297.774 
298.127 
297.888 
297.938 
298.31 
298.327 
298.142 
298.189 
298.239 
299.238 
298.21 
298.095 
299.213 
299.094 
298.81 
297.712 
297.703 
298.655 
298.495 
298.815 
299.411 
300.016 
299.846 
299.68 
299.649 
299.563 
299.33 
297.629 
299.042 
298.974 
298.783 
298.519 
297.872 
297.316 
296.875 
296.987 
296.945 
296.382 
296.593 
296.679 
296.672 
296.704 
296.89 
297.183 
296.984 
296.569 
297.091 
297.049 
297.203 
297.27 
297.271 
297.239 
297.205 
297.181 
297.149 
296.915 
296.042 
296.45 
295.709 
295.382 
295.718 
296.041 
296.303 
296.905 
296.942 
296.653 
296.884 
297.411 
297.399 
297.242 
297.3 
297.843 
297.848 
297.907 
298.262 
298.335 
298.211 
298.148 
298.822 
298.979 
299.245 
297.806 
297.928 
299.437 
299.294 
298.829 
297.554 
297.814 
298.865 
298.252 
298.722 
299.302 
299.934 
300.188 
299.506 
299.354 
299.204 
299.077 
298.959 
298.984 
298.96 
297.618 
297.538 
297.693 
297.292 
296.852 
296.909 
296.765 
297 
296.866 
296.901 
296.985 
296.853 
296.816 
296.862 
296.875 
296.686 
296.386 
296.534 
296.757 
296.889 
297.154 
297.134 
297.143 
297.107 
297.031 
297.243 
297.336 
296.54 
295.942 
295.83 
295.836 
295.931 
296.174 
296.948 
296.647 
296.913 
297.173 
297.327 
297.332 
297.437 
297.662 
297.773 
297.785 
298.002 
298.269 
298.193 
298.096 
298.328 
298.023 
297.55 
299.212 
299.49 
299.571 
299.67 
299.644 
298.486 
297.668 
298.272 
298.068 
298.205 
298.628 
299.173 
299.569 
300.137 
299.585 
299.401 
299.182 
298.978 
298.179 
298.987 
298.941 
297.757 
298.181 
297.654 
297.18 
296.976 
297.179 
297.404 
297.383 
297.224 
297.111 
296.965 
296.893 
296.818 
296.652 
296.643 
296.907 
296.346 
296.346 
296.548 
296.661 
296.799 
296.731 
297.024 
295.862 
295.911 
297.501 
297.802 
297.272 
296.802 
296.951 
296.065 
295.949 
296.124 
296.23 
296.412 
296.783 
297.071 
297.137 
297.487 
297.742 
297.856 
297.474 
297.543 
298.073 
298.159 
297.963 
298.147 
298.365 
297.835 
298.959 
299.333 
298.098 
299.648 
298.499 
298.649 
298.684 
298.337 
297.934 
297.742 
298.668 
298.441 
298.227 
299.425 
300.022 
299.596 
299.4 
299.135 
298.843 
298.189 
297.693 
297.528 
297.948 
297.796 
297.514 
297.238 
297.085 
297.56 
297.736 
297.563 
297.391 
297.281 
296.945 
296.447 
296.597 
296.318 
296.534 
297.022 
296.601 
296.245 
296.148 
296.077 
296.549 
297.082 
296.684 
295.88 
295.762 
297.602 
297.6 
297.962 
298.053 
297.733 
296.506 
296.049 
296.296 
295.865 
295.855 
296.178 
296.787 
297.043 
297.424 
297.849 
297.73 
297.609 
297.62 
297.945 
297.691 
297.771 
298.088 
298.367 
297.886 
297.704 
298.466 
298.865 
298.847 
298.883 
298.561 
298.301 
298.308 
298.175 
297.921 
298.388 
298.158 
297.806 
299.398 
299.908 
299.492 
299.459 
299.258 
299.059 
298.742 
297.816 
297.653 
298.16 
297.794 
297.147 
296.962 
296.925 
297.227 
297.228 
297.677 
297.163 
297.358 
297.059 
296.75 
296.471 
296.537 
296.522 
296.755 
296.659 
296.351 
296.071 
296.375 
296.964 
296.709 
296.279 
296.173 
295.886 
297.084 
297.476 
297.772 
298.064 
297.594 
297.113 
296.315 
296.18 
296.199 
296 
295.932 
296.24 
296.792 
297.382 
297.822 
297.786 
297.747 
297.748 
297.907 
297.546 
298.454 
298.64 
298.309 
298.224 
297.982 
299.006 
299.233 
298.979 
298.797 
298.559 
298.203 
298.274 
298.409 
298.082 
297.919 
297.958 
298.176 
299.897 
299.693 
299.546 
299.406 
299.286 
299.194 
298.717 
298.45 
297.884 
298.304 
297.993 
297.164 
297.269 
296.752 
297.098 
297.695 
297.777 
297.796 
297.588 
297.269 
297.098 
297.137 
296.836 
296.887 
296.616 
296.514 
296.528 
296.646 
296.655 
296.69 
296.51 
296.15 
296.167 
296.076 
297.151 
297.601 
298.115 
297.813 
297.48 
297.446 
297.186 
296.333 
296.456 
296.142 
295.742 
295.984 
296.481 
297.432 
297.67 
297.643 
297.816 
298.063 
297.615 
297.501 
297.607 
297.763 
297.978 
298.279 
298.592 
298.183 
298.455 
299.015 
298.863 
298.503 
298.319 
298.257 
298.765 
299.377 
299.388 
298.319 
298.724 
299.352 
299.754 
299.528 
299.264 
299.369 
299.236 
299.107 
298.649 
299.265 
298.4 
297.817 
297.384 
296.849 
296.815 
296.856 
296.885 
297.939 
297.747 
297.645 
297.445 
297.257 
297.228 
296.661 
296.682 
296.584 
296.434 
296.629 
296.717 
296.674 
296.653 
296.562 
296.24 
296.209 
296.416 
297.223 
297.721 
297.974 
297.834 
297.664 
297.724 
297.817 
297.243 
297.037 
296.573 
296.546 
296.164 
296.604 
297.265 
297.702 
297.784 
297.959 
298.089 
297.792 
297.605 
297.893 
297.35 
297.618 
298.691 
299.655 
299.29 
298.876 
298.042 
298.773 
298.416 
298.692 
299.347 
299.383 
299.873 
299.827 
299.888 
299.46 
299.867 
299.76 
299.521 
298.759 
299.219 
299.335 
298.96 
298.493 
298.008 
298.252 
298.035 
297.337 
296.834 
296.782 
296.665 
298.196 
298.326 
297.665 
297.631 
297.556 
297.164 
296.671 
296.853 
297.103 
296.654 
296.459 
296.52 
296.789 
296.647 
296.697 
297.125 
296.282 
296.269 
296.34 
296.794 
297.524 
297.818 
297.62 
297.661 
297.757 
297.579 
297.729 
297.497 
297.019 
296.808 
296.654 
296.859 
297.177 
297.608 
297.679 
297.947 
297.978 
298.013 
298.154 
298.116 
297.708 
297.826 
298.738 
299.816 
299.695 
299.605 
298.927 
298.484 
298.498 
298.41 
298.939 
299.527 
300.094 
300.231 
300.357 
299.515 
299.823 
299.701 
299.374 
299.316 
299.325 
299.079 
298.779 
298.723 
298.04 
298.461 
298.358 
297.339 
296.91 
296.564 
296.885 
297.774 
297.552 
297.868 
297.057 
297.267 
297.171 
296.994 
297.405 
296.705 
296.301 
296.449 
296.618 
296.547 
296.591 
296.591 
296.599 
296.65 
296.527 
296.395 
295.452 
296.507 
296.941 
297.566 
297.586 
297.881 
297.671 
297.726 
297.843 
297.488 
297.197 
296.96 
296.956 
297.051 
297.501 
297.358 
297.102 
297.248 
297.613 
298.192 
298.361 
298.081 
298.101 
298.546 
299.541 
299.544 
299.426 
299.531 
299.304 
298.828 
298.731 
299.226 
299.96 
300.185 
299.647 
300.104 
300.467 
300.23 
299.024 
298.809 
298.968 
299.196 
298.524 
299.222 
298.576 
298.032 
298.54 
298.25 
297.202 
296.724 
296.082 
297.267 
298.52 
298.931 
299.015 
297.775 
297.246 
297.236 
297.647 
297.587 
297.483 
297.273 
296.657 
296.515 
296.544 
296.395 
296.591 
297.037 
297.133 
296.998 
296.896 
293.958 
295.11 
296.14 
296.995 
297.262 
297.368 
297.545 
297.557 
297.86 
297.599 
297.484 
297.28 
297.082 
296.925 
296.777 
296.134 
295.484 
295.559 
296.531 
297.617 
298.466 
298.387 
298.325 
298.532 
299.074 
299.134 
299.302 
299.048 
298.921 
298.988 
299.153 
298.665 
297.929 
297.786 
298.579 
299.663 
300.249 
299.788 
299.143 
298.522 
297.999 
298.198 
298.766 
299.198 
297.983 
298.251 
298.533 
298.247 
297.47 
296.555 
295.994 
297.44 
297.969 
298.064 
299.7 
298.881 
297.853 
297.893 
297.583 
297.322 
297.675 
298.181 
297.85 
296.519 
296.469 
296.532 
296.792 
297.024 
297.471 
297.47 
297.089 
293.164 
293.888 
294.901 
295.953 
296.464 
297.139 
297.372 
297.708 
297.768 
297.6 
297.41 
297.293 
297.426 
297.097 
296.86 
296.242 
295.243 
294.62 
295.154 
296.307 
297.77 
298.588 
298.774 
298.701 
298.554 
298.053 
297.407 
297.227 
297.499 
297.809 
297.825 
296.836 
295.667 
295.095 
295.891 
297.789 
299.19 
299.465 
299.057 
298.161 
297.439 
297.89 
298.495 
297.895 
298.048 
298.415 
298.415 
297.877 
297.456 
296.458 
295.892 
296.94 
297.732 
297.916 
298.363 
298.576 
297.805 
298.139 
298.431 
296.721 
297.603 
298.005 
297.74 
296.518 
296.326 
296.574 
296.829 
296.989 
297.294 
297.639 
297.547 
293.167 
293.023 
293.419 
294.367 
295.55 
296.164 
296.285 
296.713 
297.267 
297.658 
297.271 
296.618 
296.908 
297.246 
296.967 
296.673 
296.255 
295.406 
294.769 
295.035 
296.245 
297.6 
298.66 
298.674 
298.258 
297.133 
295.359 
294.369 
294.749 
295.843 
296.064 
295.172 
294.169 
293.38 
293.568 
295.699 
297.727 
298.657 
298.85 
298.263 
298.052 
298.776 
298.489 
298.33 
298.353 
298.609 
298.602 
297.977 
297.36 
296.58 
296.009 
296.862 
297.606 
297.533 
298.598 
298.626 
298.355 
298.798 
298.139 
299.557 
298.155 
299.402 
298.491 
297.682 
297.51 
297.271 
297.57 
297.115 
297.328 
297.45 
297.858 
293.216 
293.052 
292.923 
293.331 
294.384 
295.079 
295.118 
295.181 
296.381 
297.718 
297.467 
296.694 
296.601 
296.895 
296.733 
296.64 
296.869 
296.495 
295.66 
294.869 
294.937 
296.129 
297.514 
297.926 
297.917 
297.016 
294.981 
292.955 
292.402 
293.402 
293.569 
292.533 
292.027 
291.637 
291.979 
294.147 
296.417 
297.757 
298.341 
298.547 
299.038 
298.77 
298.68 
298.616 
298.915 
298.843 
298.299 
297.725 
296.867 
296.521 
295.846 
296.273 
296.866 
297.635 
298.162 
298.438 
298.37 
298.777 
299.738 
300.844 
299.845 
299.472 
299.046 
298.117 
297.705 
297.462 
297.188 
297 
296.961 
297.231 
297.595 
293.332 
293.224 
293.106 
292.993 
293.507 
294.211 
294.627 
294.894 
295.504 
296.982 
297.225 
297.1 
296.764 
296.243 
296.04 
295.949 
296.347 
296.741 
296.457 
296.028 
295.17 
295.283 
295.525 
296.329 
297.032 
296.984 
295.881 
293.898 
292.353 
292.054 
291.857 
290.88 
290.446 
290.387 
291.191 
293.581 
295.792 
297.276 
298.323 
298.423 
299.052 
298.875 
298.265 
298.437 
298.311 
298.19 
297.589 
297.014 
296.705 
296.683 
296.565 
296.29 
297.314 
297.448 
298.74 
298.545 
298.766 
298.628 
299.133 
299.611 
299.257 
298.073 
297.595 
298.339 
298.477 
298.439 
297.649 
297.318 
297.019 
296.909 
297.071 
293.096 
293.349 
293.292 
293.237 
293.15 
293.472 
294.145 
294.697 
295.457 
295.678 
296.186 
296.487 
296.535 
295.6 
295.393 
295.611 
296.1 
296.286 
296.76 
296.996 
296.373 
295.561 
294.519 
294.24 
294.818 
295.651 
296 
294.857 
293.375 
292.415 
291.843 
291.203 
290.595 
290.464 
291.317 
293.626 
295.717 
297.226 
298.419 
299.331 
299.726 
299.848 
299.385 
298.432 
298.219 
297.46 
297.745 
297.597 
297.251 
297.741 
298.129 
297.051 
296.356 
297.391 
298.688 
298.842 
298.216 
297.558 
297.718 
298.165 
297.642 
297.178 
297.626 
298.337 
299.926 
298.699 
298.517 
298.363 
298.49 
297.765 
297.924 
