297.46 
297.481 
297.516 
297.548 
297.551 
297.54 
297.568 
297.639 
297.701 
297.732 
297.776 
297.827 
297.88 
297.925 
297.957 
297.986 
297.678 
297.729 
297.793 
297.6 
297.365 
297.336 
297.446 
297.55 
297.656 
297.737 
297.778 
297.843 
297.936 
298.035 
298.02 
298.112 
298.318 
298.151 
297.892 
297.845 
297.853 
297.83 
297.809 
297.791 
297.782 
297.805 
297.864 
297.883 
297.696 
297.42 
297.34 
297.363 
297.419 
297.496 
297.564 
297.533 
297.496 
297.458 
297.415 
297.343 
297.312 
297.346 
297.411 
297.479 
297.52 
297.526 
297.518 
297.517 
297.523 
297.53 
297.539 
297.552 
297.558 
297.567 
297.572 
297.457 
297.472 
297.498 
297.537 
297.56 
297.558 
297.578 
297.647 
297.722 
297.754 
297.786 
297.837 
297.901 
297.951 
297.978 
298.001 
297.691 
297.738 
297.825 
297.772 
297.444 
297.402 
297.486 
297.592 
297.655 
297.761 
297.779 
297.835 
297.888 
298.001 
298.065 
298.093 
298.251 
298.291 
298.04 
297.891 
297.928 
297.954 
297.913 
297.903 
297.878 
297.865 
297.853 
297.873 
297.781 
297.5 
297.352 
297.371 
297.396 
297.495 
297.633 
297.69 
297.566 
297.504 
297.44 
297.312 
297.262 
297.302 
297.404 
297.487 
297.506 
297.504 
297.494 
297.495 
297.497 
297.507 
297.536 
297.565 
297.582 
297.594 
297.599 
297.484 
297.493 
297.505 
297.537 
297.574 
297.583 
297.594 
297.653 
297.743 
297.778 
297.801 
297.854 
297.923 
297.972 
297.997 
298.016 
297.704 
297.754 
297.841 
297.882 
297.654 
297.506 
297.479 
297.577 
297.603 
297.687 
297.845 
297.872 
297.889 
297.93 
298.001 
298.059 
298.171 
298.24 
298.306 
297.958 
297.951 
298.082 
297.999 
298 
297.956 
297.926 
297.89 
297.864 
297.818 
297.622 
297.408 
297.406 
297.448 
297.556 
297.73 
297.892 
297.732 
297.532 
297.438 
297.276 
297.216 
297.318 
297.459 
297.498 
297.471 
297.46 
297.472 
297.501 
297.514 
297.521 
297.545 
297.571 
297.585 
297.592 
297.596 
297.51 
297.522 
297.532 
297.549 
297.588 
297.611 
297.616 
297.661 
297.759 
297.799 
297.818 
297.87 
297.937 
297.989 
298.017 
298.035 
297.717 
297.77 
297.855 
297.926 
297.846 
297.536 
297.498 
297.645 
297.682 
297.647 
297.731 
297.862 
297.943 
297.816 
297.848 
297.94 
298.077 
298.157 
298.255 
298.14 
297.964 
298.174 
298.104 
298.089 
298.04 
297.971 
297.933 
297.907 
297.835 
297.72 
297.531 
297.479 
297.581 
297.686 
297.821 
297.962 
297.778 
297.483 
297.386 
297.234 
297.219 
297.436 
297.601 
297.576 
297.525 
297.484 
297.49 
297.527 
297.556 
297.566 
297.572 
297.59 
297.59 
297.578 
297.565 
297.513 
297.529 
297.553 
297.559 
297.593 
297.635 
297.644 
297.669 
297.768 
297.815 
297.833 
297.878 
297.942 
298.002 
298.039 
298.062 
297.733 
297.784 
297.871 
297.945 
297.971 
297.794 
297.616 
297.588 
297.503 
297.368 
297.533 
297.755 
297.892 
297.795 
297.741 
297.764 
297.924 
298.003 
298.103 
298.133 
297.99 
298.222 
298.178 
298.163 
298.125 
298.055 
297.988 
297.966 
297.908 
297.78 
297.649 
297.575 
297.715 
297.812 
297.828 
297.891 
297.72 
297.344 
297.273 
297.208 
297.361 
297.596 
297.721 
297.744 
297.729 
297.675 
297.613 
297.563 
297.568 
297.598 
297.605 
297.617 
297.617 
297.592 
297.559 
297.506 
297.511 
297.553 
297.556 
297.589 
297.65 
297.672 
297.675 
297.769 
297.827 
297.845 
297.881 
297.943 
298.014 
298.065 
297.729 
297.759 
297.803 
297.892 
297.973 
298.027 
298.039 
297.882 
297.895 
298.001 
297.892 
297.429 
297.519 
297.616 
297.609 
297.55 
297.53 
297.553 
297.671 
297.8 
297.941 
298.053 
298.272 
298.235 
298.207 
298.164 
298.14 
298.086 
298.03 
298 
297.907 
297.765 
297.692 
297.783 
297.88 
297.787 
297.641 
297.395 
297.25 
297.411 
297.696 
297.793 
297.774 
297.726 
297.75 
297.833 
297.916 
297.866 
297.687 
297.619 
297.606 
297.621 
297.619 
297.636 
297.635 
297.617 
297.517 
297.491 
297.539 
297.549 
297.583 
297.654 
297.7 
297.684 
297.766 
297.837 
297.858 
297.884 
297.943 
297.66 
297.725 
297.766 
297.799 
297.839 
297.924 
298.001 
298.061 
298.122 
298.177 
298.322 
300.009 
299.488 
297.832 
297.488 
297.457 
297.55 
297.563 
297.615 
297.572 
297.589 
297.723 
297.848 
298.181 
298.352 
298.299 
298.266 
298.214 
298.194 
298.175 
298.125 
298.069 
298.083 
297.99 
297.9 
297.836 
297.927 
297.796 
297.513 
297.375 
297.501 
297.996 
298.195 
298.022 
297.908 
297.765 
297.694 
297.725 
297.854 
299.738 
299.568 
299.4 
297.65 
297.649 
297.621 
297.625 
297.661 
297.694 
299.026 
297.493 
297.531 
297.551 
297.587 
297.653 
297.73 
297.705 
297.769 
297.85 
297.879 
297.896 
297.944 
297.67 
297.75 
297.802 
297.837 
297.88 
297.958 
298.025 
298.095 
298.181 
298.287 
298.46 
300.126 
299.816 
298.105 
297.671 
297.369 
297.131 
298.996 
297.663 
297.549 
297.629 
297.779 
297.907 
298.345 
298.433 
298.358 
298.326 
298.279 
298.255 
298.23 
298.214 
298.167 
298.163 
298.125 
297.996 
297.884 
297.987 
297.875 
297.566 
297.471 
297.792 
298.115 
298.075 
298.003 
297.893 
297.798 
297.751 
297.716 
297.661 
297.679 
297.723 
297.749 
297.747 
297.702 
297.681 
297.65 
297.681 
297.734 
297.449 
297.507 
297.535 
297.566 
297.604 
297.653 
299.2 
297.742 
297.787 
299.373 
299.574 
299.587 
299.703 
299.745 
300.146 
300.255 
299.984 
300.091 
300.192 
300.298 
300.442 
300.757 
300.399 
300.61 
300.563 
299.955 
299.787 
299.896 
298.692 
297.238 
297.709 
298.052 
297.765 
297.614 
297.709 
297.885 
298.526 
298.515 
298.42 
298.378 
298.34 
298.336 
298.286 
298.26 
298.282 
298.253 
298.305 
298.076 
297.995 
298.015 
297.94 
297.761 
297.665 
297.92 
297.969 
297.812 
297.786 
297.754 
297.761 
297.81 
297.842 
297.848 
297.803 
297.738 
297.735 
297.741 
297.736 
297.745 
297.724 
297.729 
297.758 
297.486 
297.508 
297.546 
297.582 
297.625 
297.665 
297.706 
297.78 
297.822 
297.843 
297.865 
297.876 
297.899 
299.828 
299.927 
299.925 
300.117 
300.29 
300.339 
300.422 
300.858 
300.304 
300.769 
300.769 
300.729 
300.067 
299.584 
299.391 
299.847 
299.616 
299.661 
298.485 
298.289 
297.799 
297.709 
297.881 
298.7 
298.611 
298.51 
298.425 
298.397 
298.416 
298.363 
298.301 
298.327 
298.359 
298.387 
298.188 
298.153 
297.978 
297.979 
297.926 
297.865 
298.217 
298.493 
298.586 
298.277 
298.114 
298.064 
297.997 
297.863 
297.86 
297.887 
297.776 
297.698 
297.755 
297.712 
297.738 
297.741 
297.764 
297.791 
297.501 
297.523 
297.548 
297.589 
297.636 
297.695 
297.758 
297.8 
297.864 
297.925 
297.956 
297.961 
297.971 
297.617 
299.954 
300.099 
300.187 
300.314 
300.443 
300.453 
300.591 
300.658 
300.743 
300.833 
300.901 
300.54 
299.708 
299.028 
299.507 
300.431 
300.688 
300.769 
300.453 
298.025 
297.724 
297.887 
298.878 
298.746 
298.624 
298.496 
298.443 
298.486 
298.454 
298.376 
298.35 
298.399 
298.444 
298.591 
298.371 
298.092 
297.893 
297.992 
298.008 
298.372 
298.723 
298.897 
299.212 
298.874 
298.601 
298.508 
298.214 
297.91 
297.886 
299.693 
297.707 
297.796 
297.747 
297.737 
297.736 
297.754 
297.798 
297.529 
297.533 
297.549 
297.588 
297.644 
297.703 
297.758 
297.82 
297.879 
297.925 
297.955 
297.965 
297.992 
297.667 
297.696 
297.76 
297.819 
297.881 
297.955 
298.015 
300.618 
300.728 
300.744 
300.876 
301.088 
300.81 
300.402 
299.788 
299.486 
300.678 
301.307 
301.222 
300.771 
300.122 
299.594 
299.867 
301.528 
298.938 
298.765 
298.575 
298.481 
298.531 
298.533 
298.459 
298.394 
298.393 
298.448 
298.549 
298.765 
298.42 
297.851 
297.946 
298.047 
298.361 
298.516 
298.791 
299.236 
299.055 
298.76 
298.69 
298.487 
298.052 
297.654 
297.783 
297.771 
297.826 
297.852 
297.829 
297.813 
297.786 
297.79 
297.558 
297.557 
297.561 
297.592 
297.652 
297.718 
297.771 
297.825 
297.895 
297.948 
297.984 
298.005 
297.65 
297.678 
297.74 
297.803 
297.852 
297.913 
297.985 
298.044 
300.633 
300.783 
300.93 
300.906 
301.352 
301.088 
300.855 
300.46 
299.824 
299.952 
300.882 
301.166 
301.017 
300.606 
300.108 
300.505 
301.524 
301.661 
301.607 
301.182 
298.518 
298.559 
298.593 
298.533 
298.432 
298.435 
298.464 
298.541 
298.69 
299.07 
297.829 
297.806 
297.919 
298.04 
298.307 
298.776 
299.086 
298.645 
298.419 
298.416 
298.322 
298.117 
297.715 
297.682 
297.723 
297.816 
297.894 
297.94 
297.963 
297.938 
297.865 
297.596 
297.597 
297.593 
297.609 
297.654 
297.714 
297.768 
297.832 
297.903 
297.952 
297.991 
297.643 
297.676 
297.713 
297.747 
297.796 
297.827 
297.895 
300.366 
300.481 
300.769 
300.841 
300.954 
300.904 
301.009 
300.988 
301.222 
300.581 
299.897 
299.714 
300.74 
301.362 
301.122 
300.835 
300.553 
300.956 
301.517 
301.592 
301.575 
301.402 
301.244 
301.285 
301.514 
301.216 
300.712 
300.738 
300.953 
301.064 
301.172 
301.369 
299.788 
299.597 
299.531 
298.722 
297.896 
298.375 
298.632 
298.526 
298.453 
298.307 
298.115 
297.846 
297.708 
297.62 
297.656 
297.737 
297.803 
297.906 
298.005 
298.072 
298.047 
297.652 
297.656 
297.642 
297.639 
297.662 
297.717 
297.775 
297.845 
297.931 
297.987 
297.64 
297.667 
297.706 
297.744 
297.778 
297.813 
299.971 
300.148 
300.297 
300.352 
300.783 
300.502 
300.441 
300.517 
301.276 
300.893 
301.312 
301.112 
300.012 
299.817 
301.032 
301.182 
301.11 
301.043 
300.816 
301.25 
301.497 
301.072 
301.337 
301.256 
301.187 
301.262 
301.339 
301.138 
300.901 
300.909 
300.95 
301.04 
301.221 
301.293 
300.829 
299.852 
300.049 
299.185 
299.121 
299.615 
298.692 
298.577 
298.629 
298.822 
299.158 
298.901 
298.189 
297.966 
297.771 
297.775 
297.735 
297.791 
297.907 
298.048 
298.143 
297.708 
297.711 
297.695 
297.674 
297.674 
297.722 
297.789 
297.866 
297.962 
297.623 
297.663 
297.684 
297.721 
297.765 
297.787 
300.124 
300.01 
299.721 
299.874 
300.594 
300.725 
300.603 
300.583 
300.591 
300.996 
301.05 
301.19 
301.829 
300.661 
300.206 
300.759 
301.092 
300.98 
300.757 
300.801 
301.176 
301.414 
300.933 
300.667 
300.882 
300.816 
301.075 
301.261 
301.154 
300.808 
300.889 
300.98 
300.913 
301.096 
301.065 
300.769 
300.187 
299.737 
299.704 
299.192 
298.945 
298.91 
299.402 
300.256 
300.847 
298.865 
299.172 
299.502 
299.089 
298.368 
298.085 
297.891 
297.776 
297.821 
297.972 
298.13 
297.73 
297.74 
297.737 
297.716 
297.701 
297.739 
297.812 
297.888 
297.595 
297.643 
299.842 
299.878 
299.915 
299.987 
300.026 
300.1 
300.068 
300.04 
299.872 
300.443 
300.339 
300.518 
300.561 
300.541 
300.364 
300.12 
300.811 
301.089 
300.429 
299.585 
300.296 
301.062 
300.885 
300.5 
300.099 
300.328 
300.022 
299.544 
299.45 
300.255 
301.172 
301.374 
301.476 
301.333 
300.937 
300.794 
300.882 
300.934 
301.2 
301.131 
300.567 
299.944 
299.528 
299.687 
299.161 
298.26 
297.587 
298.223 
299.775 
300.863 
301.857 
301.942 
301.812 
301.363 
301.254 
298.494 
298.248 
297.947 
297.822 
297.929 
298.122 
297.72 
297.735 
297.76 
297.765 
297.749 
297.764 
297.835 
297.525 
299.69 
299.795 
299.757 
299.8 
299.862 
299.782 
299.81 
300.039 
299.961 
299.92 
299.773 
300.058 
300.462 
300.631 
300.568 
300.786 
300.859 
299.889 
300.193 
300.877 
299.905 
298.742 
299.269 
300.971 
300.646 
299.897 
299.565 
299.307 
298.151 
297.858 
298.222 
299.218 
300.564 
301.148 
301.442 
301.316 
301.179 
300.949 
300.969 
301.138 
301.013 
300.973 
300.111 
298.818 
298.094 
298.353 
298.905 
298.354 
297.514 
297.746 
298.88 
300.164 
301.116 
301.745 
301.621 
301.033 
301.092 
300.594 
298.448 
298.279 
297.907 
297.927 
298.147 
297.723 
297.729 
297.765 
297.806 
297.81 
297.794 
297.47 
299.328 
299.306 
299.706 
299.747 
299.791 
299.829 
299.849 
299.78 
299.815 
299.628 
300.026 
299.554 
299.817 
300.474 
300.909 
300.614 
300.828 
300.776 
300.26 
299.98 
300.227 
299.453 
298.177 
298.237 
299.672 
301.015 
300.558 
299.983 
298.139 
296.63 
296.356 
296.861 
298.043 
299.705 
300.669 
301.27 
301.279 
301.191 
300.808 
300.771 
301.115 
301.27 
300.856 
300.036 
297.857 
296.649 
297.025 
298.032 
298.407 
298.521 
297.868 
297.56 
298.077 
298.929 
299.781 
300.665 
301.062 
301.2 
300.492 
300.162 
300.62 
299.863 
297.971 
298.234 
297.401 
297.39 
297.757 
297.81 
297.475 
297.457 
297.47 
299.283 
299.324 
299.775 
299.798 
299.495 
299.904 
299.8 
299.725 
299.808 
299.922 
299.69 
299.486 
299.381 
299.92 
300.676 
300.704 
301.312 
301.203 
300.525 
299.98 
299.561 
299.127 
298.529 
298.218 
298.683 
299.396 
299.392 
298.331 
297.113 
296.534 
296.247 
296.584 
297.833 
299.229 
300.148 
301.194 
301.252 
301.191 
301.033 
300.89 
300.999 
301.211 
300.686 
299.549 
297.885 
296.579 
296.239 
296.784 
297.899 
299.543 
299.389 
298.074 
297.227 
297.375 
298.289 
299.425 
300.627 
301.124 
300.737 
300.194 
300.453 
297.913 
298.044 
298.418 
297.467 
297.439 
297.424 
297.44 
297.48 
297.479 
299.278 
299.257 
299.289 
299.447 
299.387 
299.523 
299.611 
299.6 
299.536 
299.83 
299.945 
299.814 
299.213 
299.002 
299.078 
300.141 
300.494 
301.255 
301.288 
300.865 
300.34 
299.88 
299.703 
299.901 
299.508 
298.64 
298.083 
297.448 
296.79 
296.954 
297.447 
297.855 
298.092 
298.714 
299.614 
300.434 
301.184 
301.254 
301.158 
300.987 
300.771 
300.863 
301.123 
300.949 
300.193 
298.487 
297.423 
296.56 
296.561 
297.977 
299.842 
300.241 
299.823 
298.886 
298.11 
298.723 
299.684 
300.393 
300.747 
300.953 
298.109 
300.329 
298.286 
298.05 
298.711 
297.593 
297.558 
297.508 
297.452 
299.389 
299.329 
299.248 
299.297 
299.687 
299.764 
299.742 
299.766 
299.904 
299.992 
300.004 
300.069 
299.63 
299.782 
299.926 
299.278 
299.277 
300.245 
300.299 
300.983 
301.165 
301.184 
300.79 
300.955 
301.091 
301.162 
300.76 
299.553 
298.022 
296.787 
296.307 
296.679 
297.846 
299.135 
299.718 
299.615 
300.105 
300.388 
301.099 
301.186 
301.111 
300.962 
300.723 
300.707 
300.734 
300.511 
299.679 
298.951 
298.326 
297.775 
297.803 
298.913 
299.95 
300.858 
300.726 
300.249 
299.828 
299.937 
300.24 
300.182 
300.286 
300.817 
300.073 
297.843 
300.101 
298.088 
300.452 
297.722 
297.667 
299.641 
299.474 
299.358 
299.55 
299.378 
299.558 
299.61 
299.718 
299.407 
299.442 
299.835 
299.972 
300.015 
300.04 
299.912 
300.135 
300.164 
300.036 
299.959 
300.377 
300.763 
300.461 
300.94 
301.123 
301.294 
301.531 
302.019 
302.132 
301.582 
300.434 
299.107 
297.409 
296.113 
296.108 
297.421 
298.863 
299.954 
300.291 
300.51 
300.76 
301.03 
301.207 
301.141 
300.92 
300.537 
300.325 
300.084 
299.674 
299.066 
298.804 
298.864 
299.025 
299.136 
299.877 
300.684 
300.882 
300.825 
300.75 
300.693 
300.69 
300.613 
300.368 
300.248 
300.567 
298.411 
297.796 
297.836 
298.163 
300.16 
299.973 
299.834 
299.591 
299.561 
299.405 
299.301 
299.582 
299.347 
299.312 
299.672 
299.792 
299.822 
299.86 
299.984 
299.998 
299.923 
299.529 
299.72 
299.955 
300.038 
300.463 
300.325 
300.716 
301.08 
301.006 
301.064 
301.187 
301.429 
301.488 
301.661 
301.515 
300.248 
299.854 
298.479 
296.78 
296.199 
296.888 
298.104 
299.219 
300.122 
300.335 
300.533 
300.649 
300.921 
300.968 
300.683 
300.327 
299.952 
299.475 
298.822 
298.777 
299.354 
299.662 
299.959 
300.264 
300.443 
300.54 
300.493 
300.588 
300.777 
300.92 
300.929 
300.808 
300.646 
300.493 
300.489 
298.613 
298.009 
298.009 
298.036 
297.91 
300.055 
299.89 
299.75 
299.574 
299.437 
299.331 
299.358 
299.242 
299.299 
299.338 
299.7 
299.77 
299.833 
299.967 
299.952 
299.913 
299.176 
299.629 
299.647 
299.752 
300.423 
300.932 
301.188 
301.264 
301.169 
301.007 
301.054 
301.27 
300.907 
300.156 
299.978 
300.218 
300.53 
300.233 
298.846 
297.806 
298.072 
298.807 
299.526 
300.037 
299.923 
300.007 
300.01 
300.235 
300.413 
300.312 
300.323 
300.01 
299.307 
298.895 
299.217 
299.961 
300.269 
300.378 
300.543 
300.589 
300.507 
300.462 
300.518 
300.605 
300.74 
300.808 
300.742 
300.654 
300.538 
300.364 
300.208 
299.444 
298.018 
298.199 
298.001 
300.064 
299.788 
299.637 
299.624 
299.471 
299.438 
299.444 
299.66 
299.667 
299.634 
299.663 
299.724 
299.385 
299.906 
299.894 
299.964 
299.602 
299.532 
299.434 
299.34 
300.423 
300.925 
301.127 
301.275 
301.179 
300.933 
300.856 
301.228 
301.349 
300.263 
299.493 
299.835 
300.516 
300.727 
300.045 
299.719 
299.838 
300.357 
300.599 
300.423 
300.225 
300.18 
300.277 
300.202 
300.584 
300.374 
300.584 
300.368 
299.919 
299.72 
300.092 
300.504 
300.563 
300.543 
300.552 
300.539 
300.589 
300.624 
300.524 
300.467 
300.508 
300.595 
300.585 
300.5 
300.343 
300.137 
299.661 
297.69 
297.971 
300.093 
299.72 
300.399 
300.188 
299.869 
299.688 
299.354 
299.382 
299.398 
299.34 
299.585 
299.557 
299.589 
299.308 
299.765 
299.498 
299.499 
299.646 
299.627 
299.778 
300.094 
299.493 
300.534 
300.942 
301.042 
301.204 
301.194 
300.997 
300.637 
301.16 
301.38 
300.737 
300.249 
300.298 
300.765 
300.895 
300.908 
300.8 
300.831 
301.01 
301.085 
300.887 
300.692 
300.61 
300.83 
300.866 
300.793 
300.943 
300.949 
300.769 
300.547 
300.564 
300.622 
300.552 
300.502 
300.481 
300.463 
300.421 
300.463 
300.477 
300.451 
300.5 
300.484 
300.49 
300.419 
300.206 
299.98 
299.673 
298.04 
297.865 
297.848 
300.03 
299.778 
300.349 
299.828 
300.148 
299.649 
299.853 
299.502 
299.686 
299.624 
299.529 
299.497 
299.182 
299.341 
299.293 
299.884 
299.444 
299.618 
299.619 
300.165 
300.104 
299.685 
300.61 
300.844 
300.846 
301.097 
301.179 
301.136 
301.092 
301.39 
301.46 
301.243 
301.201 
301.146 
301.227 
301.292 
301.33 
301.179 
301.067 
301.046 
301.081 
301.067 
300.935 
300.833 
300.902 
301.043 
301.132 
301.264 
301.211 
301.109 
300.896 
300.655 
300.57 
300.552 
300.533 
300.539 
300.519 
300.433 
300.352 
300.371 
300.462 
300.575 
300.574 
300.569 
298.85 
298.438 
298.132 
297.825 
297.847 
297.817 
297.768 
297.821 
300.132 
299.922 
299.797 
299.991 
299.857 
299.76 
299.709 
299.288 
299.369 
299.173 
299.08 
299.194 
299.832 
299.348 
299.795 
299.838 
299.967 
299.546 
300.142 
300.245 
299.785 
300.609 
300.799 
300.217 
301.029 
301.142 
301.237 
301.241 
301.369 
301.44 
301.311 
301.31 
301.313 
301.357 
301.458 
301.485 
301.309 
301.126 
301.082 
301.056 
301.004 
300.928 
300.858 
300.906 
300.954 
301.02 
301.248 
301.314 
301.247 
301.042 
300.611 
300.331 
300.375 
300.464 
300.517 
300.526 
300.522 
300.528 
300.532 
300.533 
300.527 
300.563 
300.6 
298.877 
298.325 
298.052 
297.76 
297.776 
297.763 
297.645 
297.542 
299.2 
300.436 
300.148 
299.923 
299.75 
299.695 
299.322 
299.753 
299.396 
299.28 
299.098 
299.198 
299.337 
299.397 
299.409 
299.366 
299.929 
299.98 
300.206 
300.211 
299.586 
300.596 
300.72 
300.287 
300.364 
301.041 
301.262 
301.384 
301.278 
301.256 
301.084 
301.077 
301.2 
301.275 
301.465 
301.609 
301.444 
301.205 
301.114 
301.047 
300.934 
300.821 
300.796 
300.877 
300.899 
300.908 
301.183 
301.342 
301.267 
301.031 
300.764 
300.49 
300.369 
300.334 
300.295 
300.303 
300.409 
300.529 
300.52 
300.495 
300.486 
300.578 
300.488 
300.136 
298.256 
297.946 
297.745 
297.75 
297.769 
297.596 
299.329 
297.865 
300.072 
300.139 
300.007 
299.787 
299.652 
299.677 
299.284 
299.347 
299.432 
299.222 
299.235 
299.73 
299.442 
299.462 
299.506 
299.564 
299.519 
300.154 
300.184 
299.753 
300.44 
299.645 
299.324 
300.496 
300.773 
301.026 
301.507 
301.372 
301.185 
300.95 
300.986 
300.963 
301.333 
301.462 
301.748 
301.631 
301.341 
301.169 
301.067 
300.916 
300.733 
300.691 
300.775 
300.835 
300.954 
301.143 
301.305 
301.283 
301.108 
301.029 
300.941 
300.724 
300.418 
300.209 
300.2 
300.303 
300.387 
300.416 
300.496 
300.568 
300.682 
300.4 
298.093 
297.966 
297.94 
297.809 
297.756 
297.756 
297.648 
297.71 
297.364 
300.388 
299.859 
300.116 
299.955 
299.404 
299.218 
299.268 
299.346 
299.34 
299.237 
299.258 
299.352 
299.496 
299.484 
299.487 
299.98 
300.021 
299.604 
299.663 
300.238 
300.28 
298.518 
297.861 
299.208 
299.653 
299.981 
301.183 
301.382 
301.087 
300.768 
300.728 
301.23 
301.099 
301.567 
301.678 
301.833 
301.525 
301.236 
301.112 
300.985 
300.618 
300.653 
300.656 
300.707 
300.857 
301.094 
301.253 
301.298 
301.242 
301.163 
301.135 
301.004 
300.708 
300.439 
300.36 
300.334 
300.33 
300.441 
300.623 
300.76 
301.171 
298.559 
297.95 
297.813 
297.856 
297.796 
297.719 
297.711 
297.61 
297.591 
297.472 
300.461 
300.023 
299.938 
299.899 
299.509 
299.303 
299.277 
299.376 
299.322 
299.237 
299.254 
299.417 
299.546 
299.576 
299.592 
299.61 
299.436 
299.774 
299.848 
299.698 
300.352 
298.984 
297.853 
298.291 
299.411 
299.554 
299.785 
299.726 
299.747 
299.732 
300.055 
299.856 
299.877 
300.387 
301.119 
302.154 
302.052 
301.682 
301.49 
301.419 
300.924 
300.743 
300.585 
300.466 
300.705 
300.979 
301.2 
301.287 
301.334 
301.259 
301.173 
301.107 
300.955 
300.698 
300.509 
300.37 
300.365 
300.561 
301.022 
301.227 
301.218 
298.722 
298.097 
297.739 
297.683 
297.43 
297.577 
297.623 
297.561 
297.534 
297.521 
300.663 
300.057 
299.826 
299.944 
299.636 
299.402 
299.415 
299.424 
299.347 
299.251 
299.258 
299.403 
299.578 
299.594 
299.629 
299.556 
299.467 
299.731 
299.693 
299.694 
300.433 
300.283 
299.663 
299.546 
299.833 
299.932 
298.91 
298.446 
298.015 
297.941 
298.488 
298.837 
298.947 
299.34 
300.482 
301.538 
302.085 
301.761 
301.43 
301.033 
300.945 
300.814 
300.638 
300.558 
300.62 
300.851 
301.085 
301.215 
301.336 
301.346 
301.233 
301.161 
301.078 
300.863 
300.607 
300.428 
300.774 
300.944 
300.754 
301.105 
298.768 
298.731 
298.256 
297.631 
299.297 
299.645 
297.457 
297.587 
297.57 
297.511 
297.518 
300.564 
299.926 
299.955 
300.088 
299.779 
299.446 
299.353 
299.449 
299.36 
299.267 
299.26 
299.333 
299.461 
299.633 
299.981 
299.554 
299.557 
299.52 
299.636 
299.56 
300.288 
300.693 
300.127 
300.085 
299.88 
299.993 
298.674 
297.827 
297.26 
297.009 
297.169 
297.43 
297.943 
298.878 
299.643 
300.503 
301.146 
301.647 
300.969 
301.058 
300.922 
300.809 
300.701 
300.63 
300.713 
300.848 
301.01 
301.134 
301.296 
301.384 
301.285 
301.19 
301.16 
301.024 
300.749 
300.556 
300.496 
300.596 
300.722 
300.783 
301.2 
301.183 
301.098 
300.609 
300.116 
299.677 
299.778 
297.601 
297.621 
297.513 
297.475 
300.308 
299.969 
299.897 
300.021 
299.833 
299.502 
299.429 
299.465 
299.402 
299.256 
299.238 
299.352 
299.512 
299.912 
299.877 
299.613 
299.587 
299.577 
300.153 
299.605 
299.651 
300.55 
300.723 
300.149 
300.243 
300.107 
299.242 
298.143 
297.337 
296.917 
296.546 
296.41 
296.916 
298.034 
298.317 
298.643 
299.744 
300.796 
301.233 
301.107 
300.888 
300.754 
300.672 
300.623 
300.728 
300.874 
301.023 
301.102 
301.233 
301.351 
301.333 
301.247 
301.251 
301.152 
300.956 
300.802 
300.736 
300.743 
300.709 
300.703 
300.672 
300.726 
300.83 
300.847 
300.675 
300.031 
298.344 
297.597 
297.644 
297.495 
297.429 
300.298 
299.981 
299.947 
300.044 
299.896 
299.558 
299.465 
299.477 
299.399 
299.299 
299.231 
299.342 
299.851 
299.416 
299.401 
300.004 
299.491 
300.077 
299.79 
300.116 
299.558 
300.397 
300.542 
300.154 
300.521 
300.514 
300.495 
299.324 
298.625 
297.817 
296.717 
296.157 
296.86 
297.864 
297.64 
297.444 
298.575 
300.021 
301.132 
301.149 
300.909 
300.76 
300.644 
300.551 
300.619 
300.759 
300.913 
300.982 
301.093 
301.235 
301.315 
301.28 
301.241 
301.149 
301.099 
301.377 
300.891 
300.792 
300.655 
300.573 
300.627 
300.813 
301.018 
300.853 
300.569 
300.101 
298.114 
297.668 
297.592 
297.464 
297.404 
300.204 
299.945 
299.976 
300.072 
299.895 
299.542 
299.462 
299.502 
299.233 
299.188 
299.226 
299.271 
299.402 
299.866 
299.525 
299.908 
300.026 
299.486 
299.789 
299.714 
299.488 
299.671 
300.038 
300.228 
300.218 
300.481 
300.885 
300.766 
300.2 
299.514 
298.117 
296.942 
297.162 
298.282 
298.401 
298.02 
298.486 
299.784 
301.006 
301.117 
300.896 
300.786 
300.693 
300.612 
300.617 
300.633 
300.706 
300.778 
300.897 
301.05 
301.204 
301.221 
301.145 
301.095 
301.369 
301.321 
301.211 
301.067 
300.681 
300.306 
300.482 
300.753 
300.954 
300.703 
300.382 
300.112 
299.878 
297.46 
297.535 
297.438 
297.398 
299.738 
299.516 
299.437 
299.57 
299.498 
299.29 
299.396 
299.495 
299.421 
299.726 
299.203 
299.215 
299.343 
299.818 
299.788 
299.821 
299.415 
299.761 
299.769 
299.771 
299.9 
299.99 
300.555 
300.264 
300.926 
300.675 
300.968 
301.075 
301.196 
300.88 
300.123 
299.139 
298.806 
299.263 
299.262 
298.842 
299.055 
300.016 
300.956 
301.085 
300.846 
300.772 
300.74 
300.683 
300.671 
300.639 
300.629 
300.634 
300.728 
300.862 
301.02 
301.116 
301.119 
301.118 
301.167 
299.038 
298.842 
298.582 
298.357 
300.342 
300.298 
300.851 
298.51 
298.404 
300.392 
300.072 
299.761 
299.235 
297.456 
297.426 
297.405 
298.35 
298.335 
298.13 
298.316 
298.761 
299.019 
299.208 
299.42 
299.4 
299.253 
299.225 
299.27 
299.354 
299.365 
299.312 
299.323 
299.994 
300.091 
299.81 
299.442 
299.535 
299.962 
299.716 
300 
300.478 
300.7 
301.285 
301.352 
301.302 
301.131 
301.028 
300.983 
300.896 
300.706 
300.014 
299.459 
299.572 
300.462 
301.087 
301.062 
300.801 
300.691 
300.672 
300.628 
300.664 
300.711 
300.72 
300.663 
300.716 
300.848 
300.942 
301.019 
301.097 
301.098 
301.495 
299.085 
299.101 
298.431 
298.542 
298.614 
298.503 
298.469 
298.403 
298.556 
298.407 
300.463 
300.491 
300.053 
297.396 
297.431 
297.411 
297.912 
298.26 
298.085 
298.031 
298.54 
298.991 
299.205 
299.449 
299.491 
299.322 
299.188 
299.217 
299.304 
299.322 
299.265 
299.317 
299.448 
299.542 
299.895 
299.734 
299.55 
299.7 
299.903 
300.274 
300.29 
300.474 
300.509 
300.554 
301.098 
301.271 
301.426 
301.768 
301.767 
301.53 
300.812 
300.365 
300.505 
300.792 
301.217 
301.037 
300.739 
300.541 
300.481 
300.464 
300.586 
300.709 
300.78 
300.807 
300.898 
301.026 
301.081 
301.049 
301.074 
301.062 
301.575 
301.64 
299.262 
299.09 
298.825 
298.947 
298.74 
298.655 
298.599 
298.633 
298.59 
298.569 
298.54 
298.197 
297.4 
297.453 
297.444 
298.316 
298.431 
298.232 
297.976 
298.693 
298.67 
298.922 
299.364 
299.389 
299.372 
299.194 
299.191 
299.23 
299.198 
299.174 
299.314 
299.468 
299.554 
299.623 
299.649 
299.537 
299.519 
299.718 
300.016 
300.199 
300.307 
300.696 
300.886 
301.304 
301.122 
301.18 
301.406 
301.676 
301.534 
301.213 
301.077 
301.261 
301.36 
301.241 
301.018 
300.72 
300.479 
300.359 
300.292 
300.395 
300.486 
300.584 
300.749 
300.919 
301.049 
301.164 
301.16 
301.148 
301.147 
301.29 
301.473 
301.845 
301.798 
299.54 
299.293 
298.887 
298.737 
298.707 
298.678 
298.628 
298.464 
297.986 
297.81 
297.432 
297.453 
297.417 
298.989 
298.518 
297.99 
298.309 
298.556 
298.743 
298.994 
299.456 
299.498 
299.73 
299.361 
299.344 
299.3 
299.333 
299.395 
299.506 
299.349 
299.447 
299.637 
299.678 
299.653 
299.577 
299.602 
299.859 
300.091 
300.36 
300.732 
300.891 
300.947 
301.002 
301.002 
300.987 
301.259 
301.33 
301.152 
301.115 
301.37 
301.373 
301.212 
300.985 
300.721 
300.494 
300.395 
300.547 
300.248 
300.244 
300.322 
300.571 
300.735 
300.885 
301.071 
301.165 
301.202 
301.221 
301.393 
301.616 
301.676 
301.764 
301.53 
299.461 
299.055 
298.872 
298.772 
298.643 
298.549 
298.313 
297.682 
297.563 
297.424 
297.407 
297.397 
299.831 
298.518 
298.083 
298.177 
298.543 
299.097 
299.588 
299.529 
299.559 
299.73 
299.749 
299.277 
299.27 
299.296 
299.351 
299.466 
299.349 
299.469 
299.538 
299.869 
299.508 
299.607 
299.714 
299.858 
300.274 
300.527 
300.706 
300.748 
300.998 
300.999 
300.897 
300.894 
301.038 
301.12 
301.089 
301.081 
301.372 
301.358 
301.125 
300.857 
300.589 
300.37 
300.37 
300.352 
300.324 
300.296 
300.39 
300.507 
300.747 
300.798 
300.965 
301.084 
301.165 
301.373 
301.671 
301.982 
301.673 
301.613 
301.432 
301.465 
299.165 
298.925 
298.729 
298.543 
298.769 
297.882 
297.511 
297.424 
297.383 
297.378 
297.393 
299.409 
298.945 
298.604 
298.347 
298.107 
299.163 
299.155 
299.573 
299.491 
299.52 
299.926 
299.67 
299.227 
299.36 
299.306 
299.243 
299.667 
299.549 
299.481 
299.452 
299.382 
299.516 
299.813 
300.147 
300.601 
300.621 
300.472 
300.657 
301.009 
300.86 
300.712 
300.728 
300.873 
300.872 
300.961 
301.004 
301.321 
301.289 
300.971 
300.627 
300.363 
300.172 
300.225 
300.318 
300.351 
300.355 
300.462 
300.548 
300.645 
300.772 
300.936 
301.057 
301.124 
301.436 
301.661 
301.762 
301.878 
301.753 
301.823 
301.817 
301.497 
298.903 
298.656 
298.513 
298.486 
297.626 
297.39 
297.35 
297.313 
297.304 
297.343 
299.406 
299.506 
299.544 
298.478 
298.234 
298.688 
298.961 
299.331 
299.654 
299.467 
299.617 
299.269 
299.349 
299.319 
299.147 
299.182 
299.422 
299.558 
299.491 
299.453 
299.376 
299.338 
299.712 
300.342 
300.745 
300.991 
300.656 
300.865 
301.303 
300.825 
300.434 
300.181 
300.434 
300.719 
300.859 
300.94 
301.295 
301.253 
300.818 
300.391 
300.194 
300.051 
300.095 
300.438 
300.314 
300.318 
300.412 
300.604 
300.711 
300.839 
300.998 
301.086 
301.107 
301.419 
301.609 
301.655 
301.616 
301.896 
301.808 
301.798 
301.846 
301.132 
298.629 
298.499 
297.706 
297.383 
297.332 
297.29 
297.211 
297.201 
297.235 
299.469 
299.431 
299.505 
298.614 
298.775 
298.932 
298.835 
299.12 
299.707 
299.692 
299.662 
299.402 
299.471 
299.333 
299.17 
299.227 
299.35 
299.513 
299.529 
299.632 
299.525 
299.486 
299.756 
300.482 
300.938 
300.991 
300.863 
300.812 
301.244 
300.9 
300.48 
299.733 
299.97 
300.777 
300.953 
300.969 
301.32 
301.308 
301.011 
300.403 
299.969 
299.864 
299.906 
300.108 
300.271 
300.282 
300.324 
300.5 
300.691 
300.99 
301.042 
301.042 
301.222 
301.477 
301.42 
301.502 
301.625 
301.658 
301.776 
301.872 
301.832 
301.427 
300.873 
300.118 
298.953 
298.373 
297.159 
297.202 
297.181 
297.142 
297.108 
299.414 
299.517 
299.39 
299.008 
299.164 
299.543 
299.227 
298.945 
299.624 
299.415 
299.609 
299.656 
299.442 
299.309 
299.244 
299.361 
299.392 
299.434 
299.579 
299.708 
299.685 
299.563 
299.779 
300.059 
300.427 
300.984 
300.682 
300.91 
301.081 
300.973 
300.714 
300.199 
300.402 
300.978 
301.046 
301.041 
301.334 
301.221 
301.088 
300.755 
300.007 
299.701 
299.897 
299.788 
300.215 
300.326 
300.659 
300.796 
300.935 
301.057 
301.011 
300.985 
301.13 
301.243 
301.362 
301.48 
301.6 
301.574 
301.367 
301.852 
301.658 
301.386 
300.726 
299.745 
298.816 
298.322 
298.123 
298.077 
297.045 
298.099 
298.301 
299.564 
299.631 
299.452 
299.58 
299.315 
299.562 
299.307 
299.037 
298.907 
299.139 
299.444 
299.543 
299.371 
299.397 
299.371 
299.322 
299.207 
299.283 
299.594 
299.779 
299.759 
299.705 
299.817 
299.997 
300.914 
301.029 
300.35 
300.673 
300.706 
300.814 
300.872 
300.471 
300.495 
300.754 
301.134 
301.246 
301.419 
301.678 
301.136 
300.373 
300.014 
299.701 
299.596 
299.692 
300.401 
300.161 
300.74 
300.765 
300.992 
301.005 
300.953 
301.028 
301.171 
301.284 
301.337 
301.512 
301.783 
301.709 
301.692 
302.074 
301.356 
301.352 
300.831 
300.137 
299.275 
298.783 
298.392 
297.957 
297.652 
298.555 
298.928 
299.732 
299.772 
299.772 
299.358 
299.326 
299.001 
299.526 
299.482 
299.059 
298.793 
299.089 
299.274 
299.352 
299.321 
299.278 
299.304 
299.259 
299.321 
299.433 
299.551 
299.758 
299.774 
299.797 
300.027 
300.466 
300.589 
300.646 
300.393 
300.698 
300.673 
300.483 
300.548 
300.785 
300.567 
301.037 
301.166 
301.462 
301.783 
301.225 
300.921 
300.188 
300.045 
299.985 
299.988 
300.424 
300.854 
300.824 
300.941 
300.77 
300.717 
301.046 
301.301 
301.294 
301.321 
301.62 
301.986 
302.031 
301.625 
301.724 
301.784 
301.59 
301.349 
301.09 
300.485 
299.84 
299.308 
299.193 
298.754 
298.286 
298.594 
298.993 
299.851 
299.423 
300.155 
299.598 
299.293 
299.095 
299.355 
299.55 
299.265 
298.859 
298.56 
298.823 
299.25 
299.255 
299.109 
299.177 
299.2 
299.254 
299.319 
299.387 
300.016 
300.046 
299.761 
300.107 
300.196 
300.483 
300.425 
300.302 
300.617 
300.615 
300.131 
300.47 
300.684 
300.473 
300.638 
301.011 
301.522 
301.713 
301.098 
300.605 
300.201 
300.164 
300.096 
300.078 
300.276 
300.629 
300.826 
300.874 
300.722 
300.961 
300.885 
301.259 
301.218 
301.359 
301.975 
302.264 
301.952 
301.603 
301.667 
301.603 
301.375 
301.224 
301.019 
300.543 
300.049 
299.882 
299.518 
299.429 
298.583 
299.022 
299.153 
299.112 
299.494 
299.575 
299.578 
299.314 
299.187 
299.913 
299.392 
299.492 
299.613 
298.52 
298.615 
298.95 
299.224 
299.025 
299.041 
299.141 
299.242 
299.15 
299.184 
299.504 
299.575 
299.611 
299.89 
300.509 
300.712 
300.667 
300.389 
300.583 
300.569 
300.313 
300.609 
300.681 
300.716 
301.009 
301.461 
301.38 
301.898 
301.568 
300.741 
299.931 
300.139 
300.11 
300.158 
300.432 
300.653 
300.767 
300.431 
300.844 
300.687 
301.158 
301.204 
301.268 
301.615 
302.226 
302.242 
301.833 
301.602 
301.787 
302.124 
302.004 
301.548 
301.378 
300.661 
300.07 
299.9 
299.524 
299.282 
299.096 
299.054 
299.313 
299.119 
299.444 
299.421 
299.386 
299.335 
299.4 
299.452 
299.527 
299.62 
299.59 
299.341 
299.04 
299.253 
299.291 
299.223 
299.198 
299.172 
299.262 
299.178 
299.137 
299.435 
299.419 
299.303 
299.874 
300.442 
300.649 
300.567 
300.715 
300.682 
300.545 
300.817 
300.855 
300.897 
300.96 
300.97 
301.334 
301.599 
302.147 
301.345 
300.75 
299.989 
300.567 
300.224 
300.086 
300.421 
300.642 
300.488 
300.495 
300.858 
300.881 
301.224 
301.101 
301.262 
302.011 
302.199 
302.303 
302.106 
301.701 
301.9 
302.357 
302.037 
301.45 
301.251 
301.087 
300.324 
299.777 
299.488 
299.274 
299.295 
298.929 
298.87 
298.637 
299.114 
299.462 
299.216 
299.178 
299.815 
299.779 
299.503 
299.558 
299.633 
299.592 
299.549 
299.621 
299.758 
299.265 
299.518 
299.681 
299.747 
299.35 
299.405 
299.47 
299.606 
299.491 
299.537 
300.232 
300.631 
300.552 
300.517 
299.975 
299.954 
300.622 
300.784 
300.799 
300.651 
300.718 
300.939 
301.644 
302.404 
301.182 
300.48 
300.321 
300.228 
300.33 
300.397 
300.529 
300.563 
300.463 
300.766 
300.658 
300.849 
300.968 
300.976 
301.626 
302.016 
302.109 
301.897 
302.003 
301.715 
301.775 
302.072 
302.338 
301.663 
301.079 
301.181 
300.204 
299.89 
299.465 
299.461 
299.171 
298.64 
298.716 
297.249 
298.19 
299.283 
299.25 
299.158 
299.306 
299.351 
299.33 
299.713 
299.749 
299.6 
299.603 
299.818 
299.58 
299.349 
298.856 
298.477 
298.499 
298.891 
299.313 
299.321 
299.692 
299.518 
299.354 
299.903 
300.841 
300.745 
299.854 
299.503 
299.465 
300.199 
300.795 
300.823 
300.485 
300.862 
301.358 
301.917 
301.824 
301.092 
300.609 
300.2 
300.265 
300.104 
300.474 
300.465 
300.252 
300.486 
300.627 
300.439 
300.991 
300.792 
301.117 
301.62 
301.903 
301.925 
302.08 
302.269 
302.208 
302.031 
302.175 
302.758 
302.307 
301.545 
301.134 
300.689 
299.774 
299.616 
299.475 
298.761 
298.309 
298.502 
295.704 
296.978 
298.488 
298.645 
298.883 
299.088 
299.704 
299.716 
299.57 
299.683 
299.695 
299.623 
299.729 
299.723 
299.42 
298.3 
297.42 
296.801 
297.71 
298.671 
299.575 
299.514 
299.639 
299.369 
299.497 
300.044 
299.403 
299.231 
299.01 
298.901 
299.152 
299.239 
298.915 
298.884 
299.578 
300.548 
301.108 
300.703 
300.125 
300.057 
299.577 
299.858 
300.356 
300.514 
300.219 
300.506 
301.047 
301.306 
300.97 
301.15 
300.955 
301.195 
301.911 
301.801 
301.699 
301.592 
301.816 
302.107 
302.244 
302.487 
302.688 
302.332 
301.62 
301.443 
301.276 
300.357 
299.803 
299.69 
299.742 
299.696 
298.383 
295.104 
295.826 
296.69 
297.653 
298.133 
298.812 
298.86 
299.316 
299.982 
299.998 
299.535 
299.439 
299.687 
299.85 
299.468 
298.68 
296.79 
295.943 
296.388 
298.071 
298.87 
299.53 
299.774 
299.465 
298.93 
298.094 
297.594 
297.46 
297.691 
297.934 
297.955 
297.52 
296.538 
295.935 
296.614 
298.274 
299.518 
299.763 
299.413 
299.143 
299.395 
299.901 
300.392 
299.952 
300.28 
300.606 
301.077 
300.697 
301.096 
301.141 
300.986 
301.254 
301.798 
301.82 
301.702 
300.52 
299.881 
300.629 
301.777 
302.063 
302.368 
302.156 
301.514 
301.188 
301.424 
300.677 
299.708 
299.676 
300.478 
300.374 
299.131 
294.944 
294.792 
295.108 
296.098 
297.361 
297.859 
297.787 
298.303 
299.02 
299.665 
299.298 
298.812 
299.002 
299.622 
299.873 
299.211 
298.268 
297.065 
296.098 
296.137 
297.232 
299.146 
299.55 
299.958 
298.849 
297.417 
295.742 
294.844 
295.148 
296.035 
296.232 
295.607 
294.79 
293.978 
294.234 
296.127 
298.027 
298.891 
299.297 
299.484 
299.337 
300.082 
299.897 
299.977 
299.799 
300.649 
300.581 
300.828 
301.039 
300.947 
300.952 
301.238 
301.684 
301.661 
301.082 
300.191 
299.523 
300.201 
301.193 
302.099 
301.466 
301.591 
301.201 
301.103 
301.472 
301.157 
300.243 
300.166 
300.581 
300.333 
299.865 
295.097 
294.78 
294.627 
295.012 
296.108 
296.801 
296.749 
296.764 
298.257 
299.739 
299.576 
299.238 
298.858 
299.15 
299.324 
299.418 
299.299 
298.578 
297.217 
296.025 
295.92 
297.593 
298.814 
298.704 
298.815 
297.538 
295.458 
293.497 
292.824 
293.779 
293.874 
292.865 
292.361 
291.98 
292.39 
294.495 
296.672 
297.955 
298.781 
299.45 
299.6 
299.217 
299.196 
299.472 
300.145 
300.282 
300.453 
300.811 
300.783 
300.533 
300.98 
301.342 
301.854 
301.941 
301.384 
300.388 
299.231 
299.519 
300.647 
301.197 
300.993 
300.739 
300.666 
300.91 
301.292 
301.916 
301.964 
301.579 
301.753 
301.55 
300.28 
295.412 
295.14 
294.927 
294.74 
295.121 
295.851 
296.372 
296.666 
297.739 
299.039 
299.14 
299.15 
298.944 
298.369 
298.22 
298.796 
299.04 
299.155 
298.477 
297.451 
296.298 
296.027 
296.774 
297.056 
297.782 
297.727 
296.534 
294.608 
292.926 
292.34 
291.979 
291.088 
290.516 
290.354 
291.221 
293.941 
296.127 
297.522 
298.508 
299.678 
299.571 
299.265 
299.064 
299.534 
299.982 
300.33 
300.274 
300.08 
300.141 
299.861 
300.592 
301.135 
301.753 
301.895 
301.048 
300.378 
299.612 
299.227 
299.61 
300.07 
299.675 
299.016 
299.392 
300.618 
301.253 
301.713 
302.048 
301.027 
301.244 
302.052 
301.709 
295.62 
295.317 
295.107 
294.941 
294.851 
295.076 
295.891 
296.571 
297.349 
297.698 
298.003 
299.211 
298.647 
298.188 
297.544 
297.894 
298.515 
298.925 
299.02 
298.675 
297.768 
296.431 
295.149 
294.96 
295.685 
296.544 
296.792 
295.746 
294.226 
293.015 
292.058 
291.355 
290.699 
290.469 
291.376 
294.005 
296.122 
297.415 
298.297 
298.92 
299.415 
299.488 
299.347 
299.235 
299.678 
300.31 
300.504 
300.536 
299.886 
299.737 
300.595 
301.143 
301.422 
301.872 
301.361 
300.789 
299.447 
298.342 
298.277 
298.627 
298.069 
297.592 
298.57 
299.975 
301.102 
300.955 
301.722 
300.846 
300.779 
300.786 
300.703 
