297.345 
297.294 
297.184 
297.059 
296.98 
296.993 
297.076 
297.183 
297.294 
297.363 
297.355 
297.277 
296.983 
296.904 
296.86 
296.857 
296.895 
296.962 
297.038 
297.12 
297.161 
297.096 
296.947 
296.801 
296.85 
297.157 
297.428 
297.526 
297.552 
297.52 
297.707 
297.68 
297.715 
297.714 
297.627 
297.407 
297.315 
297.332 
297.383 
297.413 
297.406 
297.427 
297.474 
297.486 
297.453 
297.414 
297.428 
297.525 
297.619 
297.616 
297.565 
297.53 
297.52 
297.55 
297.612 
297.651 
297.645 
297.639 
297.66 
297.675 
297.674 
297.683 
297.69 
297.696 
297.771 
297.958 
298.117 
298.116 
298.045 
298.005 
297.974 
297.312 
297.243 
297.116 
296.988 
296.931 
296.977 
297.062 
297.138 
297.232 
297.323 
297.337 
297.266 
296.974 
296.914 
297.08 
297.18 
297.107 
297.167 
297.186 
297.212 
297.255 
297.251 
297.163 
296.985 
296.762 
296.745 
297.134 
297.461 
297.536 
297.551 
297.499 
297.678 
297.646 
297.634 
297.506 
297.291 
297.272 
297.274 
297.252 
297.24 
297.281 
297.337 
297.353 
297.331 
297.299 
297.296 
297.356 
297.444 
297.49 
297.495 
297.491 
297.498 
297.536 
297.59 
297.613 
297.602 
297.607 
297.655 
297.706 
297.71 
297.698 
297.709 
297.727 
297.751 
297.836 
297.995 
298.098 
298.074 
298.012 
297.977 
297.947 
297.269 
297.187 
297.056 
296.961 
296.963 
297.033 
297.113 
297.198 
297.277 
297.31 
297.286 
297.231 
296.992 
296.99 
297.044 
297.353 
297.467 
297.271 
297.292 
297.329 
297.367 
297.383 
297.359 
297.257 
297.046 
296.759 
296.727 
297.216 
297.474 
297.491 
297.523 
297.457 
297.53 
297.309 
297.277 
297.241 
297.213 
297.192 
297.169 
297.188 
297.261 
297.294 
297.263 
297.227 
297.203 
297.167 
297.138 
297.15 
297.175 
297.211 
297.302 
297.447 
297.574 
297.63 
297.635 
297.639 
297.682 
297.745 
297.761 
297.732 
297.708 
297.719 
297.754 
297.802 
297.882 
297.987 
298.046 
298.028 
297.983 
297.954 
297.932 
297.244 
297.134 
297.008 
296.966 
297.033 
297.116 
297.167 
297.249 
297.333 
297.349 
297.316 
297.286 
297.285 
297.321 
297.385 
297.213 
297.529 
297.331 
297.685 
297.788 
297.862 
297.891 
297.554 
297.496 
297.356 
297.097 
296.752 
296.757 
297.252 
297.381 
297.419 
297.427 
297.321 
297.226 
297.181 
297.178 
297.153 
297.137 
297.175 
297.359 
297.454 
297.297 
297.287 
297.289 
297.282 
297.219 
297.119 
297.032 
296.968 
296.929 
296.959 
297.122 
297.408 
297.626 
297.655 
297.661 
297.715 
297.733 
297.72 
297.691 
297.67 
297.681 
297.735 
297.819 
297.903 
297.959 
297.989 
297.986 
297.958 
297.941 
297.934 
297.241 
297.138 
297.054 
297.049 
297.125 
297.198 
297.24 
297.303 
297.373 
297.412 
297.429 
297.43 
297.432 
297.465 
297.526 
297.587 
297.655 
297.751 
297.864 
297.984 
298.082 
298.143 
298.145 
298.071 
297.57 
297.33 
297.016 
296.663 
296.808 
297.242 
297.298 
297.33 
297.273 
297.183 
297.144 
297.158 
297.164 
297.168 
297.346 
297.474 
297.494 
297.33 
297.362 
297.377 
297.331 
297.215 
297.06 
296.93 
296.886 
296.914 
296.937 
296.915 
296.955 
297.243 
297.596 
297.736 
297.777 
297.816 
297.808 
297.784 
297.76 
297.752 
297.774 
297.824 
297.892 
297.927 
297.94 
297.942 
297.939 
297.937 
297.948 
297.177 
297.112 
297.049 
297.052 
297.124 
297.22 
297.303 
297.365 
297.423 
297.483 
297.525 
297.545 
297.564 
297.609 
297.68 
297.766 
297.872 
298 
298.127 
298.227 
298.302 
298.365 
298.415 
298.404 
298.078 
297.331 
297.111 
296.94 
296.644 
296.961 
297.265 
297.256 
297.217 
297.16 
297.166 
297.246 
297.301 
297.319 
297.35 
297.38 
297.387 
297.405 
297.443 
297.448 
297.39 
297.284 
297.157 
297.064 
297.063 
297.128 
297.19 
297.212 
297.159 
297.068 
297.147 
297.443 
297.623 
297.619 
297.561 
297.508 
297.475 
297.525 
297.621 
297.7 
297.84 
297.912 
297.875 
297.905 
297.914 
297.936 
297.957 
297.267 
297.153 
297.122 
297.111 
297.191 
297.13 
297.573 
297.659 
297.724 
297.79 
297.809 
297.798 
297.821 
297.89 
297.988 
298.109 
298.249 
298.388 
298.512 
298.619 
298.721 
298.827 
298.922 
298.956 
301.934 
300.281 
297.142 
297.259 
297.06 
296.975 
297.081 
297.214 
297.181 
297.109 
297.241 
297.388 
297.465 
297.459 
297.457 
297.465 
297.471 
297.703 
297.492 
297.487 
297.457 
297.416 
297.386 
297.375 
297.406 
297.469 
297.527 
297.532 
297.485 
297.372 
297.205 
297.135 
297.277 
297.476 
297.652 
297.895 
298.311 
298.78 
303.395 
302.507 
301.668 
297.775 
297.896 
297.867 
297.915 
297.927 
297.959 
300.738 
297.243 
297.304 
297.146 
297.143 
297.249 
297.375 
297.401 
297.426 
297.529 
297.596 
297.661 
297.768 
297.906 
298.051 
298.205 
298.362 
298.513 
298.65 
298.779 
298.885 
298.959 
299.002 
299.022 
302.719 
301.182 
297.46 
297.659 
297.745 
297.672 
300.602 
296.909 
297.237 
297.133 
297.312 
297.486 
297.798 
297.765 
297.715 
297.711 
297.505 
297.526 
297.54 
297.552 
297.567 
297.61 
297.69 
297.787 
297.846 
297.864 
297.866 
297.853 
297.809 
297.723 
297.613 
297.568 
297.594 
297.702 
298.12 
298.593 
298.765 
298.684 
298.442 
298.137 
297.93 
297.787 
297.853 
297.836 
297.907 
297.92 
297.95 
297.374 
297.38 
297.375 
297.386 
297.596 
297.882 
301.308 
298.185 
298.738 
302.997 
303.448 
303.511 
303.474 
303.225 
303.676 
303.74 
303.62 
303.71 
303.746 
303.744 
303.67 
303.638 
302.812 
302.922 
303.243 
302.789 
302.095 
301.774 
301.556 
297.581 
297.176 
296.926 
297.116 
297.3 
297.34 
297.486 
297.533 
297.806 
297.83 
297.905 
297.732 
297.817 
297.875 
297.923 
297.975 
298.029 
298.075 
298.104 
298.111 
298.108 
298.099 
298.089 
298.079 
298.039 
297.957 
297.88 
297.873 
298.005 
298.148 
298.195 
298.222 
298.046 
297.96 
297.916 
297.843 
297.811 
297.765 
297.792 
297.869 
297.909 
297.932 
297.497 
297.59 
297.623 
297.833 
298.17 
298.495 
298.752 
299.007 
298.62 
298.68 
298.776 
298.922 
299.135 
304.995 
304.496 
304.459 
304.642 
304.71 
304.553 
304.321 
304.513 
303.712 
304.247 
304.093 
304.144 
303.703 
302.919 
301.974 
301.962 
301.407 
299.991 
297.031 
297.168 
297.379 
297.431 
297.541 
297.666 
297.761 
297.853 
298.298 
298.438 
298.13 
298.171 
298.189 
298.199 
298.204 
298.216 
298.226 
298.236 
298.242 
298.236 
298.229 
298.24 
298.254 
298.247 
298.185 
298.066 
297.936 
297.751 
297.345 
297.253 
297.558 
297.693 
297.804 
297.888 
297.757 
297.699 
297.73 
297.826 
297.89 
297.917 
297.713 
297.881 
298.075 
298.363 
298.683 
298.962 
298.519 
298.643 
298.732 
298.841 
299.031 
299.278 
299.577 
299.898 
306.363 
306.27 
306.24 
306.102 
305.923 
305.442 
305.27 
305.213 
305.185 
305.089 
304.859 
304.43 
303.325 
302.051 
301.752 
302.029 
301.559 
300.836 
300.596 
297.383 
297.625 
297.729 
297.895 
297.973 
298.443 
298.545 
298.644 
298.726 
298.757 
298.753 
298.703 
298.32 
298.352 
298.377 
298.4 
298.408 
298.396 
298.362 
298.349 
298.343 
298.354 
298.393 
298.398 
298.323 
298.146 
297.868 
297.426 
297.321 
297.844 
301.68 
297.729 
297.778 
297.661 
297.699 
297.764 
297.842 
297.899 
298.05 
298.263 
298.527 
298.803 
299.029 
298.55 
298.648 
298.761 
298.9 
299.099 
299.337 
299.576 
299.775 
299.898 
299.943 
299.922 
299.916 
299.889 
299.954 
300.113 
306.035 
305.889 
305.407 
305.162 
304.896 
304.303 
303.995 
302.852 
302.054 
302.848 
303.156 
302.851 
302.993 
302.937 
302.859 
302.408 
301.912 
298.024 
298.64 
298.683 
298.798 
298.849 
298.914 
298.451 
298.487 
298.528 
298.586 
298.639 
298.671 
299.206 
299.204 
299.147 
298.618 
298.562 
298.529 
298.51 
298.49 
298.445 
298.301 
298.164 
298.032 
297.933 
297.842 
297.559 
297.569 
297.759 
297.665 
297.706 
297.704 
297.775 
297.877 
298.428 
298.641 
298.888 
299.091 
299.221 
298.682 
298.803 
298.965 
299.156 
299.351 
299.506 
299.602 
299.651 
299.685 
299.735 
299.804 
299.844 
299.871 
299.966 
300.116 
306.212 
306.064 
305.686 
304.987 
305.199 
304.413 
304.357 
304.023 
302.959 
302.604 
304.057 
304.088 
304.026 
303.892 
303.836 
303.647 
303.253 
302.773 
302.438 
301.699 
298.581 
298.78 
298.86 
298.976 
299.065 
299.167 
299.284 
299.395 
299.484 
299.562 
299.622 
299.612 
299.378 
298.597 
298.578 
298.795 
298.715 
298.64 
298.469 
298.355 
298.265 
298.252 
297.988 
297.317 
297.122 
297.487 
297.664 
297.717 
297.684 
297.726 
297.81 
298.759 
298.943 
299.122 
299.249 
299.344 
298.832 
298.97 
299.123 
299.27 
299.369 
299.405 
299.412 
299.429 
299.499 
299.657 
299.832 
299.931 
300.077 
305.918 
306.043 
306.154 
305.903 
305.694 
305.22 
304.973 
304.813 
304.912 
304.952 
304.24 
303.756 
304.265 
304.724 
304.351 
304.488 
304.378 
304.283 
304.045 
303.845 
303.718 
303.729 
303.814 
303.882 
304.008 
304.102 
304.044 
304.395 
304.904 
305.075 
305.24 
305.284 
305.134 
304.962 
304.202 
302.631 
298.362 
298.962 
299.067 
298.864 
298.581 
298.582 
298.591 
298.498 
298.344 
297.849 
297.06 
297.038 
297.365 
297.66 
297.694 
297.716 
297.773 
298.962 
299.111 
299.25 
299.368 
298.836 
298.974 
299.132 
299.278 
299.383 
299.424 
299.385 
299.343 
299.409 
299.624 
299.982 
300.281 
306.107 
306.332 
306.261 
305.789 
306.126 
305.45 
305.189 
305.06 
305.813 
305.12 
305.567 
305.473 
304.487 
303.151 
304.01 
304.884 
304.817 
304.784 
304.661 
304.4 
304.283 
303.888 
304.658 
304.785 
304.939 
304.991 
305.088 
305.294 
305.599 
305.922 
306.181 
306.35 
306.343 
306.111 
305.657 
305.399 
304.706 
302.253 
301.52 
302.212 
298.812 
298.808 
298.771 
299.079 
298.796 
298.509 
298.402 
298.247 
297.68 
297.036 
297.01 
297.312 
297.687 
297.784 
297.999 
299.133 
299.225 
299.327 
298.843 
298.999 
299.156 
299.267 
299.28 
299.217 
299.131 
299.095 
299.198 
299.475 
299.979 
300.41 
306.548 
306.321 
305.31 
305.562 
306.323 
306.379 
305.986 
305.785 
305.47 
305.988 
305.91 
305.57 
306.002 
304.165 
303.144 
303.761 
305.086 
305.034 
305.127 
304.864 
305.009 
305.206 
304.685 
304.556 
304.931 
304.699 
305.246 
305.541 
305.859 
305.97 
306.667 
306.591 
306.014 
305.963 
305.528 
304.327 
304.306 
303.807 
302.495 
301.605 
301.34 
301.073 
301.392 
302.128 
302.132 
298.929 
298.624 
298.259 
298.068 
298.051 
297.472 
297.06 
296.918 
297.509 
297.887 
298.026 
299.17 
298.705 
298.861 
299.009 
299.092 
299.106 
299.087 
299.074 
299.149 
299.429 
305.821 
305.999 
306.225 
307.063 
306.93 
306.854 
306.633 
306.411 
305.951 
306.454 
306.052 
305.928 
305.8 
305.519 
305.412 
305.02 
305.362 
305.058 
303.956 
302.785 
303.492 
305.115 
305.801 
305.299 
304.519 
304.026 
303.94 
303.568 
303.57 
304.739 
306.04 
306.468 
306.63 
306.744 
306.276 
306.352 
306.435 
306.305 
306.78 
306.21 
304.39 
302.83 
302.184 
301.953 
301.657 
300.855 
300.109 
300.48 
301.902 
302.788 
303.72 
302.493 
301.752 
301.49 
301.14 
297.626 
297.325 
296.949 
297.221 
297.857 
297.954 
298.667 
298.812 
298.955 
299.016 
298.992 
299.016 
299.163 
299.491 
305.479 
306.521 
306.917 
307.117 
306.537 
306.286 
306.635 
307.155 
306.914 
306.565 
305.937 
306.196 
306.466 
306.272 
306.006 
306.245 
306.399 
305.093 
304.903 
305.078 
303.678 
302.221 
302.564 
304.426 
305.376 
304.952 
304.271 
303.124 
302.307 
302.214 
302.76 
304.035 
306.019 
306.736 
307.043 
307.15 
307.232 
307.358 
307.42 
307.356 
306.752 
306.73 
304.48 
302.042 
300.654 
300.878 
301.439 
301.107 
300.316 
300.493 
301.545 
302.76 
303.092 
303.767 
303.128 
302.083 
301.92 
300.897 
297.424 
297.039 
296.934 
297.821 
297.98 
298.904 
298.98 
298.963 
298.928 
299.034 
299.305 
299.72 
305.741 
305.735 
307.514 
307.617 
307.458 
306.184 
306.372 
306.646 
306.541 
306.1 
306.587 
305.706 
306.052 
307.03 
307.16 
306.229 
306.447 
306.636 
305.876 
305.125 
304.788 
303.683 
302.149 
301.872 
303.144 
304.412 
304.389 
303.53 
302.323 
301.329 
301.242 
301.824 
303.248 
305.627 
306.678 
307.229 
307.493 
307.643 
307.389 
307.669 
308.144 
308.056 
307.405 
305.521 
302.132 
300.084 
299.965 
300.967 
301.477 
301.777 
301.254 
301.048 
301.193 
301.513 
302.2 
303.037 
302.396 
302.512 
301.977 
300.851 
300.9 
300.095 
297.599 
297.99 
298.833 
298.889 
298.947 
299.068 
299.327 
299.707 
300.206 
305.955 
305.2 
306.325 
306.528 
306.57 
307.328 
306.541 
306.451 
306.337 
307.101 
306.077 
305.891 
306.063 
306.961 
307.416 
306.777 
307.859 
307.63 
306.401 
305.656 
304.667 
303.872 
302.839 
301.978 
302.391 
303.262 
303.195 
301.846 
301.718 
302.018 
301.63 
301.963 
303.442 
305.035 
306.031 
307.564 
307.855 
308.028 
308.22 
308.442 
308.481 
308.403 
307.396 
305.949 
303.425 
301.168 
300.066 
300.231 
301.318 
303.246 
303.444 
302.167 
301.017 
300.745 
301.341 
302.192 
302.762 
302.761 
302.948 
302.908 
302.069 
297.534 
297.758 
298.418 
298.941 
298.955 
299.034 
299.269 
299.747 
300.404 
306.59 
305.926 
305.434 
305.124 
305.039 
305.635 
305.289 
305.435 
305.921 
306.688 
307.466 
306.113 
305.198 
305.981 
305.803 
307.153 
306.879 
307.897 
308.403 
307.444 
306.805 
305.71 
304.82 
304.598 
303.941 
303.301 
303.074 
302.094 
301.49 
301.309 
302.771 
303.827 
304.043 
304.766 
305.706 
306.761 
307.932 
308.136 
308.284 
308.458 
308.602 
308.669 
308.85 
308.545 
307.38 
305.131 
303.364 
301.563 
300.919 
301.962 
303.999 
304.492 
304.361 
303.247 
302.156 
302.355 
302.877 
303.116 
302.838 
302.989 
298.994 
303.157 
297.357 
298.473 
299.234 
298.984 
298.91 
299.07 
299.709 
306.428 
306.564 
306.391 
306.03 
307.025 
306.527 
306.133 
306.773 
306.625 
306.611 
306.619 
306.802 
306.352 
306.54 
307.651 
306.514 
306.444 
307.452 
305.644 
307.843 
308.535 
308.601 
307.31 
307.578 
307.075 
306.758 
306.289 
305.24 
304 
302.298 
301.924 
301.619 
303.271 
305.155 
305.966 
305.774 
306.721 
307.003 
308.09 
308.251 
308.46 
308.749 
308.821 
308.902 
308.724 
307.883 
305.826 
306.027 
305.024 
303.87 
303.114 
303.489 
305.033 
306.137 
306.325 
305.2 
304.107 
303.799 
303.745 
303.52 
303.125 
303.155 
303.663 
298.558 
302.142 
299.578 
306.465 
299.187 
299.443 
305.026 
306.219 
307.065 
307.345 
307.095 
307.669 
307.622 
306.933 
305.415 
306.262 
308.542 
308.36 
308.003 
307.388 
306.667 
305.533 
305.74 
307.685 
308.059 
308.25 
307.379 
306.453 
307.993 
308.497 
308.8 
308.414 
308.633 
308.25 
307.928 
306.051 
304.587 
302.699 
302.208 
301.954 
302.763 
305.042 
306.286 
306.708 
307.44 
307.719 
308.236 
308.495 
308.738 
308.862 
308.952 
308.862 
308.03 
306.12 
305.181 
305.277 
306.197 
305.985 
305.178 
305.001 
306.262 
306.716 
306.674 
306.258 
305.587 
304.964 
304.639 
304.223 
303.766 
303.56 
299.11 
298.592 
299.247 
300.932 
308.195 
305.839 
306.425 
306.543 
307.832 
307.459 
307.044 
307.393 
307.235 
306.811 
307.387 
307.802 
308.428 
309.433 
309.447 
309.521 
309.243 
308.553 
307.757 
307.46 
308.653 
309.495 
308.171 
307.845 
309.371 
309.016 
308.617 
308.721 
308.856 
308.872 
308.751 
307.466 
306.056 
305.463 
303.01 
302.92 
302.779 
302.4 
304.365 
305.513 
306.703 
307.34 
307.74 
308.046 
308.414 
308.727 
308.791 
308.725 
308.676 
307.83 
305.553 
305.826 
307.326 
307.388 
307.227 
306.65 
306.549 
306.78 
306.797 
306.547 
306.166 
305.734 
305.411 
305.195 
304.876 
304.462 
303.967 
298.828 
298.624 
300.28 
301.424 
301.189 
307.377 
307.267 
307.828 
308.142 
308.187 
307.798 
307.301 
306.678 
307.22 
308.246 
309.267 
309.704 
309.36 
309.562 
309.645 
309.449 
307.881 
309.012 
309.153 
308.843 
309.523 
309.844 
310.296 
309.931 
309.936 
309.82 
309.367 
308.711 
307.891 
307.711 
306.658 
306.877 
306.764 
307.397 
305.718 
304.68 
304.31 
305.111 
306.067 
306.913 
306.776 
307.461 
307.625 
307.945 
307.857 
307.665 
308.149 
308.378 
307.583 
306.592 
306.867 
308.217 
308.179 
307.877 
307.363 
307.192 
307.241 
306.909 
306.356 
305.954 
305.786 
305.7 
305.526 
305.207 
304.811 
304.309 
303.529 
304.618 
300.815 
300.923 
300.779 
307.437 
307.22 
307.414 
308.076 
308.309 
308.377 
308.571 
308.879 
309.609 
309.247 
308.859 
309.482 
308.458 
309.584 
309.629 
309.719 
308.82 
308.498 
308.45 
308.416 
309.683 
308.794 
309.791 
309.938 
309.928 
309.843 
309.533 
308.758 
307.768 
307.755 
306.519 
306.885 
306.615 
307.643 
307.126 
307.329 
306.706 
306.695 
307.268 
307.223 
307.141 
307.648 
307.828 
307.606 
306.111 
307.029 
307.953 
308.447 
308.291 
308.039 
308.227 
308.434 
308.263 
307.832 
307.474 
307.488 
307.402 
306.874 
306.347 
306.05 
305.974 
305.925 
305.696 
305.349 
304.993 
304.797 
304.662 
299.953 
301.198 
307.66 
307.804 
306.745 
307.09 
307.625 
308.008 
307.619 
308.182 
307.094 
308.429 
309.441 
308.321 
308.064 
308.132 
309.583 
308.357 
308.693 
308.988 
308.892 
308.852 
309.7 
308.414 
309.782 
307.91 
309.321 
309.988 
309.949 
309.913 
308.644 
308.643 
308.21 
307.944 
308.149 
307.644 
308.475 
308.567 
309.116 
308.665 
308.216 
307.86 
308.002 
307.517 
308.199 
308.239 
308.553 
308.195 
306.899 
306.857 
308.061 
308.682 
308.788 
308.659 
308.582 
308.3 
308.039 
307.847 
307.685 
307.577 
307.156 
306.671 
306.431 
306.299 
306.21 
306.163 
306.05 
305.793 
305.454 
305.436 
299.828 
300.352 
301.546 
308.304 
308.41 
306.71 
307.075 
307.76 
307.717 
308.212 
308.527 
308.597 
309.217 
309.51 
308.49 
306.961 
308 
308.143 
309.701 
308.434 
308.964 
309.08 
309.691 
309.395 
308.691 
309.889 
306.228 
308.434 
309.896 
309.903 
309.826 
309.675 
309.154 
308.468 
309.31 
309.586 
309.168 
309.041 
308.619 
309.044 
308.696 
308.657 
308.186 
308.266 
308.401 
308.633 
308.657 
308.704 
308.373 
308.132 
308.17 
308.774 
308.855 
308.928 
308.476 
308.355 
308.183 
307.988 
307.897 
307.761 
307.406 
306.867 
306.542 
306.493 
306.522 
306.512 
306.417 
300.213 
300.136 
300.04 
300.038 
299.879 
300.706 
301.677 
301.812 
309.442 
306.129 
306.568 
307.923 
308.329 
308.781 
308.697 
308.127 
308.56 
308.472 
307.441 
307.852 
309.155 
308.04 
309.521 
309.635 
309.875 
308.927 
309.8 
309.903 
308.89 
309.865 
306.858 
307.71 
309.809 
309.817 
309.746 
309.789 
309.602 
308.728 
308.919 
309.491 
309.415 
309.468 
308.612 
308.95 
308.754 
308.823 
308.435 
308.469 
308.477 
308.731 
308.908 
308.972 
308.575 
308.486 
308.456 
308.919 
308.919 
308.729 
308.217 
308.001 
307.936 
307.902 
307.741 
307.439 
307.063 
306.697 
306.648 
306.732 
306.798 
306.816 
306.353 
299.913 
300.062 
299.964 
299.993 
299.94 
301.012 
301.861 
302.08 
309.233 
307.242 
307.473 
307.971 
308.373 
309.006 
307.814 
308.507 
308.651 
308.668 
308.111 
308.159 
308.396 
308.22 
308.382 
308.187 
309.735 
309.843 
309.878 
309.904 
308.218 
309.83 
307.663 
308.224 
308.751 
309.757 
309.591 
309.728 
308.452 
308.154 
307.927 
309.025 
309.13 
309.223 
308.278 
308.951 
308.984 
308.979 
308.753 
308.76 
308.727 
308.927 
309.092 
309.052 
309.07 
308.291 
308.424 
308.786 
308.529 
308.055 
308.337 
308.092 
307.934 
307.772 
307.384 
306.982 
306.735 
306.733 
306.87 
306.993 
307.042 
306.91 
306.384 
305.848 
299.947 
299.936 
299.98 
299.976 
301.258 
302.508 
309.687 
302.177 
306.285 
307.649 
307.825 
308.591 
309.238 
309.041 
308.335 
308.533 
309.031 
308.272 
308.374 
309.625 
308.493 
308.407 
308.376 
308.748 
308.484 
309.588 
309.645 
308.173 
309.433 
308.679 
307.88 
309.383 
309.492 
309.304 
309.007 
307.326 
307.744 
306.254 
308.231 
308.502 
308.817 
308.38 
309.005 
309.193 
309.004 
308.958 
309.027 
308.625 
308.773 
308.88 
309.308 
309.107 
308.628 
308.448 
308.07 
308.281 
308.308 
308.51 
308.402 
308.189 
307.717 
307.173 
306.852 
306.827 
306.966 
307.147 
307.273 
307.333 
307.109 
306.804 
300.045 
299.835 
299.874 
299.953 
300.044 
301.268 
302.884 
302.406 
302.46 
306.692 
306.943 
308.371 
308.481 
308.467 
308.18 
308.123 
308.444 
308.532 
308.35 
308.449 
308.625 
308.686 
308.379 
308.392 
309.815 
309.787 
308.059 
308.141 
308.665 
309.108 
306.939 
306.216 
307.777 
307.833 
307.821 
307.97 
306.405 
307.99 
308.755 
307.023 
306.824 
308.028 
308.472 
309.42 
309.761 
309.766 
309.506 
309.079 
307.309 
306.241 
307.562 
309.118 
308.758 
308.587 
308.624 
308.128 
308.092 
308.25 
308.528 
308.444 
308.281 
307.784 
307.369 
307.145 
307.218 
307.31 
307.449 
307.548 
307.539 
307.142 
300.197 
299.846 
299.807 
299.938 
299.989 
300.024 
301.01 
303.153 
302.564 
302.47 
307.059 
307.449 
308.223 
308.812 
308.342 
308.396 
308.308 
308.481 
308.419 
308.475 
308.563 
308.783 
308.961 
307.893 
308.58 
308.833 
308.662 
308.698 
308.794 
307.883 
309.071 
307.914 
306.418 
306.724 
307.773 
307.158 
305.805 
305.486 
306.605 
306.703 
307.02 
305.78 
306.091 
307.507 
308.495 
310.437 
310.593 
310.241 
308.837 
306.351 
304.246 
305 
308.512 
308.37 
308.498 
308.497 
308.329 
308.192 
308.38 
308.624 
308.383 
308.206 
307.904 
307.599 
307.513 
307.558 
307.661 
307.785 
308.093 
307.911 
307.446 
299.942 
299.813 
299.81 
299.827 
299.919 
300.135 
300.777 
303.211 
302.63 
302.236 
307.862 
308.089 
308.241 
308.317 
308.394 
308.58 
308.578 
308.55 
308.507 
308.541 
308.617 
308.749 
309.094 
307.173 
308.788 
308.926 
308.299 
308.737 
308.501 
307.979 
309.494 
309.623 
308.883 
308.211 
308.325 
307.226 
304.165 
304.546 
304.731 
304.488 
304.957 
304.692 
305.061 
305.24 
307.954 
309.514 
310.512 
310.269 
309.688 
307.603 
307.002 
308.024 
308.725 
308.349 
308.474 
308.28 
308.257 
308.306 
308.497 
308.698 
308.522 
308.223 
308.014 
307.804 
307.824 
307.886 
308.19 
308.299 
307.978 
307.526 
300.246 
299.706 
299.707 
299.765 
305.747 
305.839 
300.028 
300.565 
302.823 
303.023 
302.768 
308.238 
308.299 
308.8 
308.458 
308.322 
308.127 
308.423 
308.531 
308.478 
308.209 
308.338 
308.704 
308.639 
309.458 
309.896 
308.717 
308.706 
308.253 
308.54 
307.458 
309.606 
310.041 
308.838 
308.658 
307.746 
304.969 
303.917 
305.103 
304.093 
303.678 
303.538 
303.278 
303.714 
304.725 
306.434 
308.167 
309.504 
310.042 
309.674 
309.575 
309.115 
309.028 
308.456 
308.177 
308.612 
308.366 
308.2 
308.102 
308.519 
308.749 
308.627 
308.222 
308.157 
308.128 
308.159 
308.165 
308.237 
308.226 
308.004 
307.269 
306.349 
305.263 
305.102 
305.636 
306.469 
306.557 
306.709 
300.507 
302.317 
303.007 
303.548 
308.136 
308.584 
308.529 
308.501 
308.216 
308.431 
308.414 
308.386 
307.92 
307.464 
307.883 
308.652 
308.787 
309.78 
309.636 
308.872 
308.822 
308.587 
309.73 
307.936 
308.131 
309.81 
309.98 
308.667 
308.107 
305.893 
306.552 
305.386 
304.321 
303.539 
302.708 
302.546 
302.62 
303.913 
304.658 
305.686 
307.688 
309.376 
310.119 
310.203 
309.182 
309.059 
308.938 
308.478 
307.997 
306.808 
307.627 
308.178 
308.56 
308.743 
308.785 
308.461 
308.508 
308.41 
308.461 
308.557 
308.569 
308.372 
307.913 
307.115 
306.424 
306.111 
306.195 
306.722 
307.528 
307.561 
300.785 
300.528 
302.165 
302.854 
303.407 
308.539 
308.559 
308.462 
308.538 
308.549 
308.05 
308.036 
307.823 
306.932 
306.733 
306.944 
308.366 
309.341 
308.625 
308.387 
309.775 
308.75 
309.555 
308.885 
309.125 
308.082 
309.551 
309.735 
308.839 
309.091 
308.407 
308.252 
306.644 
305.079 
304.443 
302.846 
302.16 
302.518 
303.86 
304.201 
304.602 
306.573 
308.533 
310.102 
309.856 
307.472 
306.03 
309.368 
309.066 
307.72 
306.9 
307.314 
307.626 
308.092 
308.142 
308.852 
308.739 
308.628 
308.71 
308.769 
308.891 
308.577 
308.347 
307.934 
307.283 
306.897 
307.091 
307.443 
308.012 
308.454 
308.236 
300.653 
300.698 
302.192 
302.868 
303.328 
308.423 
308.61 
308.608 
308.642 
308.245 
307.493 
307.938 
308.012 
306.244 
306.784 
307.388 
308.256 
308.75 
309.384 
308.784 
309.541 
309.702 
308.024 
308.92 
308.623 
307.953 
307.994 
308.499 
308.975 
308.663 
307.815 
307.979 
308.071 
307.516 
305.706 
304.115 
302.326 
302.918 
304.446 
305.194 
305.589 
306.713 
308.878 
310.28 
310.239 
309.733 
309.445 
309.887 
309.802 
309.234 
308.209 
308.036 
307.88 
307.75 
308.337 
308.325 
308.702 
308.994 
308.924 
309.099 
309.289 
309.411 
309.125 
308.138 
307.453 
307.486 
308.005 
308.58 
308.91 
309.013 
308.775 
307.696 
300.867 
302.111 
302.725 
303.233 
308.16 
308.296 
307.968 
307.947 
307.488 
307.134 
308.053 
308.228 
308.182 
308.561 
307.5 
308.408 
308.33 
309.497 
309.459 
309.368 
308.165 
308.871 
308.698 
308.911 
308.989 
308.464 
309.342 
309.346 
309.904 
308.084 
307.436 
307.467 
308.457 
307.559 
305.428 
304.637 
304.98 
305.827 
306.591 
307.08 
307.743 
309.158 
309.778 
309.008 
309.631 
309.729 
309.627 
309.932 
310.128 
310.09 
309.74 
309.492 
308.838 
308.978 
308.266 
308.316 
308.49 
308.622 
309.103 
302.219 
301.899 
301.485 
301.36 
308.301 
308.313 
309.012 
302.015 
302.456 
310.01 
309.443 
308.639 
307.649 
301.938 
302.523 
303.133 
306.275 
306.415 
305.973 
306.06 
306.41 
307.027 
307.433 
307.564 
307.693 
307.239 
307.682 
308.496 
308.308 
308.348 
308.283 
308.257 
309.509 
309.182 
308.327 
307.818 
307.889 
308.529 
308.109 
308.786 
309.26 
308.696 
308.365 
308.324 
308.459 
306.998 
306.969 
306.56 
307.229 
307.769 
308.057 
308.189 
308.816 
309.559 
309.345 
308.724 
308.771 
309.109 
309.909 
310.252 
310.471 
310.474 
310.213 
309.807 
309.162 
308.765 
308.551 
308.443 
307.592 
307.999 
308.478 
301.996 
301.657 
301.195 
301.248 
301.488 
301.703 
302.027 
301.961 
303.133 
304.032 
310.358 
309.971 
309.407 
301.649 
302.427 
302.994 
305.201 
306.767 
306.173 
305.692 
306.056 
307.038 
307.172 
307.121 
307.608 
307.373 
308.214 
308.44 
308.314 
308.385 
308.243 
308.323 
308.437 
307.928 
306.903 
307.955 
308.001 
308.302 
308.832 
308.94 
308.78 
308.624 
307.112 
307.25 
307.648 
307.84 
308.034 
308.598 
308.213 
308.989 
308.958 
309.67 
309.431 
309.306 
310.18 
309.137 
308.567 
306.838 
309.701 
309.807 
310.272 
310.583 
310.458 
309.759 
309.164 
309.181 
308.763 
307.224 
305.758 
308.295 
308.599 
308.669 
301.269 
301.166 
301.312 
301.466 
301.756 
301.989 
302.326 
303.395 
303.509 
303.553 
303.549 
303.179 
301.673 
302.348 
303.072 
306.666 
307.137 
307.011 
305.027 
305.261 
306.451 
306.751 
306.403 
307.398 
308.08 
308.204 
308.408 
308.189 
308.205 
307.879 
307.947 
308.502 
308.189 
305.461 
307.796 
307.968 
307.862 
308.395 
307.612 
308.933 
308.492 
307.823 
307.288 
308.046 
308.413 
308.517 
308.744 
309.11 
309.842 
310.172 
310.21 
310.457 
309.338 
310.073 
310.016 
310.053 
310.009 
309.955 
309.757 
310.311 
310.222 
310.094 
310.034 
310.088 
310.179 
310.186 
309.346 
308.25 
308.657 
308.681 
308.709 
308.253 
308.298 
301.447 
301.818 
302.192 
302.852 
303.144 
303.272 
303.489 
303.528 
303.414 
303.091 
301.772 
302.112 
302.829 
307.719 
307.163 
306.188 
304.919 
304.757 
306.054 
306.621 
308.182 
308.435 
309.225 
308.592 
308.778 
308.594 
308.754 
308.17 
308.818 
308.338 
308.508 
308.323 
308.357 
308.182 
308.008 
308.366 
307.965 
308.795 
308.601 
307.897 
307.53 
307.15 
307.841 
308.608 
308.413 
309.45 
310.011 
310.094 
310.074 
310.253 
309.599 
309.66 
308.969 
310.151 
310.202 
310.245 
310.471 
309.762 
309.322 
309.715 
309.355 
309.636 
309.747 
309.948 
309.967 
310.023 
309.43 
308.868 
308.113 
306.45 
308.564 
308.157 
302.355 
302.9 
303.02 
303.102 
303.314 
303.522 
303.535 
303.394 
303.171 
302.061 
301.73 
302.931 
308.422 
307.155 
305.903 
305.789 
305.359 
305.595 
308.136 
308.26 
308.339 
309.083 
309.218 
308.415 
308.501 
308.542 
308.115 
308.853 
308.399 
308.433 
308.383 
308.205 
307.948 
308.256 
308.746 
309.137 
309.077 
308.892 
307.996 
307.657 
308.035 
309.149 
309.354 
309.411 
309.587 
309.865 
310.005 
310.051 
310.027 
310.376 
310.183 
309.066 
310.23 
310.383 
310.339 
310.181 
309.825 
309.19 
309.715 
309.507 
309.49 
309.614 
309.762 
309.753 
310.054 
309.028 
309.326 
308.704 
308.668 
308.146 
307.251 
307.347 
302.594 
302.961 
303.042 
303.354 
303.481 
303.5 
303.41 
303.246 
302.609 
301.479 
302.908 
307.987 
307.738 
306.64 
305.909 
305.755 
307.367 
307.586 
307.924 
308.375 
308.21 
308.576 
309.397 
308.211 
308.523 
308.444 
308.62 
309.256 
308.589 
308.442 
307.212 
307.64 
308.56 
309.176 
309.387 
309.398 
308.793 
307.31 
306.578 
308.421 
309.471 
309.357 
309.185 
309.246 
309.557 
309.607 
309.696 
309.864 
309.953 
310.195 
309.902 
310.193 
310.192 
310.092 
310.052 
309.868 
309.648 
309.598 
309.553 
309.545 
309.759 
309.786 
309.794 
309.863 
309.184 
308.443 
309.046 
309.964 
308.975 
308.521 
308.785 
307.847 
302.916 
303.289 
303.449 
303.568 
303.502 
303.293 
303.136 
302.762 
301.562 
302.529 
308.381 
308.306 
308.413 
307.184 
307.122 
307.345 
307.247 
307.803 
308.401 
307.873 
308.006 
308.292 
308.017 
308.356 
308.347 
308.519 
308.524 
308.608 
308.505 
306.53 
308 
308.563 
309.096 
309.769 
309.603 
309.606 
307.115 
305.799 
308.813 
309.311 
308.948 
308.002 
308.336 
309.208 
309.186 
309.552 
309.753 
309.907 
310.155 
310.076 
309.834 
309.974 
309.813 
309.926 
309.708 
309.505 
309.284 
309.287 
309.409 
309.575 
309.814 
309.869 
309.515 
308.158 
308.965 
308.25 
308.732 
309.965 
309.274 
309.611 
308.716 
307.765 
302.924 
303.152 
303.069 
303.086 
303.297 
303.227 
302.855 
302.151 
302.3 
308.258 
308.035 
308.422 
307.868 
307.632 
307.553 
306.785 
307.512 
308.461 
308.256 
308.266 
307.961 
307.84 
308.215 
308.351 
308.545 
308.313 
308.411 
308.387 
307.46 
308.736 
308.886 
309.361 
310.08 
310.021 
309.727 
307.263 
305.749 
309.12 
309.278 
308.868 
307.446 
308.097 
308.582 
308.417 
309.456 
309.801 
310.184 
310.244 
309.664 
309.226 
309.255 
309.21 
309.358 
309.335 
308.904 
308.13 
307.749 
308.199 
309.15 
309.397 
309.423 
308.444 
309.544 
309.45 
309.307 
309.928 
309.213 
309.816 
310.237 
309.776 
309.243 
308.975 
309.624 
309.255 
309.104 
302.896 
302.742 
302.655 
302.238 
301.725 
308.099 
308.2 
308.162 
307.847 
307.89 
308.398 
307.326 
307.174 
308.644 
307.757 
308.052 
307.835 
307.513 
308.295 
308.37 
308.654 
308.508 
308.192 
308.477 
308.567 
308.836 
308.947 
309.226 
309.283 
309.245 
309.838 
308.38 
307.757 
309.286 
309.037 
308.327 
308.32 
307.691 
305.73 
308.003 
309.444 
309.846 
309.866 
310.033 
309.801 
309.184 
308.767 
308.763 
308.172 
308.764 
308.138 
307.915 
307.937 
307.915 
308.785 
308.719 
308.574 
308.622 
308.891 
309.343 
309.59 
309.38 
309.152 
310.101 
310.245 
310.101 
310.038 
309.26 
309.248 
309.032 
308.983 
308.553 
307.711 
302.298 
307.246 
307.27 
308.174 
308.24 
308.372 
308.532 
308.168 
308.467 
308.377 
307.073 
306.645 
306.783 
306.627 
305.83 
306.355 
308.454 
308.499 
308.463 
308.237 
308.312 
308.706 
309.18 
309.074 
309.139 
309.259 
309.263 
309.942 
309.832 
307.646 
308.255 
308.37 
307.867 
307.992 
307.55 
306.642 
305.38 
308.213 
308.956 
309.66 
310.204 
309.729 
309.063 
309.237 
308.444 
307.601 
307.164 
308.47 
307.182 
307.197 
306.769 
307.189 
307.827 
307.883 
307.971 
308.231 
308.748 
309.048 
309.343 
309.571 
309.747 
310.488 
310.494 
309.908 
309.979 
309.601 
309.8 
309.707 
309.676 
308.641 
308.78 
307.507 
309.041 
309.051 
308.324 
308.261 
308.077 
307.631 
308.264 
307.761 
307.509 
306.691 
306.21 
304.937 
305.107 
302.961 
304.407 
307.458 
308.273 
308.58 
308.443 
308.494 
308.53 
309.062 
309.17 
309.183 
309.224 
309.337 
309.179 
309.049 
308.288 
307.212 
307.835 
307.536 
307.245 
307.487 
306.252 
305.647 
307.801 
308.434 
309.422 
310.078 
309.525 
309.669 
309.508 
308.771 
307.216 
307.407 
308.541 
307.984 
307.149 
306.694 
306.205 
307.079 
307.119 
307.102 
307.199 
308.537 
308.959 
309.332 
309.374 
309.927 
310.654 
310.279 
310.07 
310.123 
309.793 
310.033 
310.157 
309.982 
309.688 
309.475 
308.925 
309.044 
309.199 
308.339 
307.739 
308.599 
308.097 
308.109 
307.716 
306.683 
304.708 
304.393 
303.54 
302.908 
301.689 
302.9 
306.788 
308.061 
308.303 
308.361 
308.434 
308.541 
308.974 
309.726 
309.91 
309.184 
309.325 
308.883 
308.911 
309.963 
309.122 
308.039 
307.351 
306.996 
307.283 
306.607 
305.333 
305.905 
307.207 
309.399 
309.822 
308.59 
309.09 
309.067 
308.752 
307.04 
307.73 
308.006 
307.379 
307.622 
307.273 
307.057 
307.474 
306.41 
306.552 
306.865 
308.068 
308.781 
308.973 
309.301 
309.975 
310.065 
310.41 
310.121 
309.887 
309.571 
309.434 
310.23 
310.187 
310.06 
309.916 
309.42 
309.708 
309.033 
307.408 
307.998 
307.974 
308.154 
308.023 
307.158 
305.541 
304.308 
304.046 
303.342 
301.925 
302.272 
303.321 
306.355 
308.064 
308.196 
308.278 
308.441 
308.528 
308.671 
308.671 
308.766 
308.929 
309.025 
309.406 
309.416 
309.714 
309.961 
309.44 
307.898 
307.048 
306.67 
306.378 
303.493 
304.453 
308.282 
309.244 
309.177 
308.382 
308.011 
307.587 
308.659 
307.814 
307.947 
307.409 
307.519 
307.112 
306.58 
307.012 
306.246 
306.486 
305.532 
305.281 
307.112 
308.3 
309.173 
309.489 
309.45 
310.072 
310.679 
310.424 
310.257 
310.229 
310.033 
310.366 
310.293 
310.11 
309.892 
309.478 
309.891 
309.44 
307.168 
307.703 
307.757 
307.89 
307.681 
305.946 
304.12 
304.295 
304.119 
303.569 
302.88 
303.114 
304.503 
306.769 
308.401 
308.502 
308.333 
308.389 
308.473 
308.662 
308.644 
308.718 
308.603 
309.265 
309.361 
309.395 
309.633 
310.062 
309.761 
308.488 
306.855 
305.699 
305.344 
302.908 
303.492 
308.907 
309.586 
308.697 
307.155 
307.081 
306.681 
307.755 
308.698 
307.728 
307.293 
306.884 
306.325 
306.852 
306.585 
305.927 
306.663 
304.69 
305.38 
307.146 
309.183 
310.15 
309.825 
309.334 
309.959 
310.783 
310.6 
310.227 
310.253 
310.266 
310.419 
310.391 
310.365 
310.166 
309.86 
309.092 
309.749 
306.154 
306.682 
307.479 
306.619 
305.864 
305.014 
304.464 
304.215 
304.081 
303.681 
303.883 
305.225 
305.953 
306.856 
308.411 
309.052 
309.014 
308.987 
308.879 
309.207 
308.84 
309.197 
309.17 
309.103 
309.316 
309.569 
309.775 
309.841 
309.536 
308.436 
306.683 
305.039 
304.328 
303.372 
305.33 
309.389 
309.26 
308.352 
306.685 
306.589 
306.279 
305.328 
307.515 
307.669 
307.39 
307.239 
306.198 
306.33 
305.038 
305.455 
306.046 
304.271 
305.097 
306.84 
309.026 
308.834 
309.465 
309.439 
309.893 
310.329 
310.06 
310.013 
310.314 
310.326 
310.577 
310.622 
310.476 
310.26 
309.153 
307.971 
307.989 
303.518 
304.842 
306.917 
305.863 
305.454 
304.755 
304.047 
304.31 
303.996 
304.774 
306.571 
307.47 
306.871 
306.544 
308.622 
308.403 
307.324 
307.208 
308.23 
308.978 
308.329 
309.153 
309.176 
309.169 
309.262 
309.872 
309.873 
309.054 
308.803 
308.195 
308.164 
305.812 
303.326 
304.238 
307.419 
308.157 
308.92 
308.177 
306.547 
305.801 
304.299 
303.5 
305.204 
306.468 
307.789 
306.904 
305.49 
304.499 
303.27 
304.499 
304.584 
303.643 
304.857 
306.902 
308.705 
309.167 
309.363 
309.487 
309.72 
310.191 
310.233 
310.24 
310.536 
310.283 
310.785 
310.122 
310.206 
309.883 
309.27 
307.97 
308.211 
302.596 
303.844 
304.757 
304.825 
305.403 
304.413 
302.36 
304.735 
305.836 
305.53 
307.115 
307.276 
306.879 
306.562 
308.133 
307.341 
306.39 
305.16 
306.828 
307.962 
309.118 
308.679 
309.33 
309.272 
309.156 
309.174 
308.248 
308.364 
308.198 
307.766 
307.311 
306.968 
305.936 
304.201 
306.098 
307.108 
308.178 
308.169 
306.083 
304.721 
303.157 
302.765 
303.86 
305.7 
306.951 
306.219 
304.988 
303.868 
303.303 
303.983 
303.857 
302.535 
304.199 
305.788 
308.1 
308.285 
308.448 
308.79 
309.213 
309.449 
309.805 
310.263 
310.417 
310.82 
310.764 
310.21 
310.312 
310.188 
309.502 
308.496 
307.927 
304.512 
303.31 
303.19 
303.638 
303.833 
303.562 
301.148 
304.797 
307.132 
306.016 
306.327 
306.944 
307.072 
306.605 
307.41 
307.302 
305.302 
304.739 
305.207 
307.774 
308.33 
308.99 
309.375 
309.155 
308.449 
306.822 
306.421 
306.564 
306.915 
307.058 
306.455 
305.75 
304.336 
303.684 
303.04 
305.304 
307.363 
308.338 
306.681 
304.16 
303.92 
303.989 
304.596 
305.963 
306.268 
305.13 
304.264 
302.62 
303.026 
302.69 
302.502 
302.005 
302.993 
305.049 
308.675 
306.407 
306.02 
306.867 
307.817 
306.724 
307.511 
308.793 
310.398 
310.445 
310.082 
310.361 
310.253 
309.752 
309.897 
309.524 
308.276 
303.835 
303.745 
301.733 
302.808 
302.561 
302.473 
302.795 
306.298 
306.462 
304.683 
304.639 
305.217 
306.33 
306.407 
306.123 
307.047 
306.636 
305.37 
305.326 
305.549 
306.327 
308.801 
309.026 
309.796 
308.502 
306.735 
304.721 
303.874 
304.322 
305.196 
304.97 
304.006 
302.572 
301.747 
301.677 
303.544 
306.323 
308.034 
308.853 
306.456 
305.021 
306.355 
307.25 
307.518 
305.798 
305.398 
304.231 
302.795 
302.524 
302.152 
302.071 
302.403 
303.305 
304.959 
307.022 
307.215 
304.633 
305.133 
305.659 
305.534 
305.443 
305.822 
308.967 
310.451 
310.285 
310.31 
310.265 
310.017 
310.207 
309.981 
309.618 
304.107 
303.667 
303.924 
303.336 
305.062 
305.758 
305.409 
304.815 
306.18 
305.634 
304.624 
304.291 
305.517 
306.758 
305.651 
306.353 
306.907 
306.13 
305.485 
305.656 
305.298 
307.157 
308.29 
307.907 
308.527 
307.136 
304.871 
302.699 
302.13 
303.063 
302.88 
301.626 
300.617 
299.968 
300.143 
302.608 
305.522 
307.391 
308.485 
309.424 
308.292 
308.213 
308.287 
307.687 
306.986 
306.332 
305.284 
303.936 
302.776 
302.301 
301.925 
303.05 
304.329 
304.137 
305.555 
306.112 
303.308 
302.036 
303.998 
303.407 
303.505 
303.655 
307.055 
309.976 
309.958 
309.942 
309.804 
309.478 
309.991 
310.005 
309.663 
304.332 
304.03 
304.014 
303.875 
303.821 
304.793 
305.109 
305.012 
305.413 
304.952 
304.326 
303.657 
304.717 
306.875 
305.947 
305.515 
306.634 
306.158 
307.343 
307.45 
306.211 
305.341 
306.123 
306.116 
307.164 
307.347 
306.201 
304.414 
302.474 
302.009 
301.486 
300.122 
298.776 
298.276 
299.833 
302.884 
305.477 
307.215 
308.258 
309.825 
309.422 
308.82 
308.621 
309.206 
308.769 
307.702 
305.776 
304.477 
304.125 
303.327 
301.556 
303.393 
305.015 
304.352 
304.665 
304.344 
302.946 
301.701 
302.556 
302.893 
302.978 
301.746 
306.359 
309.379 
309.722 
309.7 
309.544 
307.7 
307.805 
309.316 
309.43 
304.392 
303.708 
304.059 
303.831 
304.084 
304.376 
304.478 
304.266 
304.354 
304.497 
304.194 
303.523 
304.391 
305.722 
306.136 
305.468 
306.143 
306.586 
308.526 
308.525 
307.776 
306.009 
304.275 
303.95 
304.828 
305.927 
306.392 
305.412 
303.848 
302.789 
301.711 
300.379 
299.045 
298.541 
300.442 
303.413 
305.673 
307.062 
308.026 
308.655 
309.464 
309.398 
308.974 
308.415 
309.147 
309.817 
308.704 
307.306 
305.849 
303.919 
301.895 
303.221 
303.536 
304.576 
304.767 
304.032 
302.675 
300.723 
300.943 
301.51 
301.522 
302.154 
306.738 
309.09 
309.664 
308.907 
309.13 
307.699 
306.866 
306.818 
306.877 
