299.55 
299.643 
299.76 
299.839 
299.834 
299.82 
299.9 
300.041 
300.065 
300.044 
300.072 
300.139 
300.206 
300.229 
300.385 
299.283 
297.358 
297.357 
297.305 
297.399 
297.317 
297.315 
297.385 
297.253 
297.152 
297.133 
297.21 
297.273 
297.293 
297.361 
297.43 
297.479 
297.533 
297.528 
297.492 
297.467 
297.489 
297.536 
297.561 
297.584 
297.591 
297.642 
297.724 
297.755 
297.726 
297.673 
297.624 
297.594 
297.618 
297.653 
297.665 
297.663 
297.674 
297.719 
297.792 
297.837 
297.847 
297.836 
297.811 
297.79 
297.778 
297.771 
297.771 
297.783 
297.825 
297.893 
297.949 
297.96 
297.936 
297.906 
297.882 
299.568 
299.651 
299.763 
299.878 
299.904 
299.881 
299.953 
300.134 
300.178 
300.122 
300.164 
300.227 
300.256 
300.363 
300.384 
300.73 
299.471 
297.722 
297.227 
297.16 
297.034 
297.16 
297.138 
297.139 
297.21 
297.217 
297.243 
297.322 
297.359 
297.382 
297.445 
297.51 
297.559 
297.543 
297.472 
297.452 
297.481 
297.552 
297.597 
297.602 
297.588 
297.622 
297.683 
297.689 
297.67 
297.658 
297.656 
297.649 
297.665 
297.681 
297.688 
297.701 
297.735 
297.788 
297.829 
297.833 
297.831 
297.837 
297.831 
297.818 
297.809 
297.81 
297.814 
297.81 
297.821 
297.871 
297.935 
297.976 
297.978 
297.947 
297.899 
299.61 
299.675 
299.76 
299.901 
299.984 
299.965 
299.989 
300.187 
300.297 
300.193 
300.204 
300.316 
300.403 
300.458 
300.412 
300.562 
300.819 
300.5 
299.106 
297.393 
296.939 
296.899 
296.912 
297.048 
297.119 
297.288 
297.365 
297.359 
297.4 
297.438 
297.462 
297.544 
297.588 
297.545 
297.47 
297.429 
297.475 
297.562 
297.608 
297.592 
297.573 
297.61 
297.656 
297.645 
297.641 
297.668 
297.708 
297.72 
297.721 
297.718 
297.719 
297.741 
297.779 
297.798 
297.788 
297.785 
297.81 
297.838 
297.853 
297.856 
297.853 
297.843 
297.834 
297.819 
297.807 
297.833 
297.903 
297.976 
298.009 
297.986 
297.927 
299.625 
299.7 
299.772 
299.907 
300.049 
300.066 
300.023 
300.141 
300.361 
300.304 
300.282 
300.39 
300.474 
300.545 
300.412 
300.592 
300.576 
300.436 
301.03 
301.412 
298.855 
297.354 
296.958 
296.936 
297.1 
297.271 
297.392 
297.449 
297.433 
297.456 
297.505 
297.565 
297.607 
297.526 
297.453 
297.429 
297.483 
297.579 
297.612 
297.595 
297.588 
297.632 
297.664 
297.644 
297.659 
297.714 
297.757 
297.761 
297.735 
297.702 
297.69 
297.713 
297.756 
297.762 
297.726 
297.726 
297.777 
297.814 
297.821 
297.823 
297.829 
297.82 
297.805 
297.798 
297.793 
297.81 
297.874 
297.958 
298.011 
298.01 
297.96 
299.623 
299.705 
299.792 
299.889 
300.065 
300.16 
300.096 
300.093 
300.378 
300.434 
300.373 
300.444 
300.537 
300.609 
300.449 
300.604 
300.763 
300.628 
300.623 
300.874 
301.431 
300.687 
298.652 
297.288 
297.044 
297.045 
297.361 
297.425 
297.467 
297.435 
297.5 
297.58 
297.585 
297.503 
297.442 
297.455 
297.525 
297.609 
297.632 
297.626 
297.626 
297.662 
297.679 
297.657 
297.676 
297.711 
297.736 
297.732 
297.671 
297.597 
297.578 
297.613 
297.68 
297.73 
297.727 
297.735 
297.8 
297.88 
297.916 
297.917 
297.9 
297.868 
297.817 
297.758 
297.764 
297.807 
297.867 
297.925 
297.986 
298.011 
297.991 
299.688 
299.684 
299.814 
299.871 
300.041 
300.225 
300.228 
300.125 
300.404 
300.57 
300.505 
300.499 
300.566 
300.698 
300.556 
300.679 
300.816 
300.565 
300.723 
301.004 
300.864 
300.859 
301.653 
300.769 
298.131 
297.09 
297.006 
297.492 
297.432 
297.393 
297.409 
297.555 
297.53 
297.444 
297.439 
297.517 
297.6 
297.648 
297.666 
297.678 
297.687 
297.691 
297.647 
297.595 
297.592 
297.618 
297.664 
297.671 
297.599 
297.528 
297.532 
297.589 
297.656 
297.727 
297.782 
297.794 
297.785 
297.779 
297.746 
297.91 
297.835 
297.797 
297.621 
297.646 
297.73 
297.835 
297.85 
297.905 
297.94 
297.996 
298.01 
299.886 
299.674 
299.827 
299.879 
300.008 
300.242 
300.387 
300.181 
300.407 
300.659 
300.631 
300.559 
300.596 
300.806 
300.683 
300.805 
300.941 
300.671 
300.767 
300.929 
301.022 
300.984 
300.972 
301.343 
305.902 
300.862 
296.925 
297.264 
297.46 
297.227 
297.349 
297.511 
297.521 
297.397 
297.434 
297.568 
297.671 
297.684 
297.691 
297.707 
297.716 
297.688 
297.603 
297.538 
297.532 
297.564 
297.611 
297.608 
297.561 
297.528 
297.535 
297.577 
297.64 
297.722 
297.772 
297.78 
297.763 
297.755 
297.81 
297.944 
298.14 
298.387 
302.615 
301.784 
301.213 
297.763 
297.9 
297.865 
297.924 
297.969 
298.021 
306.217 
299.73 
299.831 
299.905 
299.991 
300.194 
300.494 
300.207 
300.336 
300.641 
300.708 
300.618 
300.626 
300.914 
300.813 
300.932 
301.048 
300.723 
300.791 
301.024 
301.068 
300.964 
301.187 
301.302 
307.457 
304.623 
297.342 
297.086 
297.31 
297.701 
301.21 
297.259 
297.538 
297.428 
297.463 
297.589 
297.756 
297.804 
297.753 
297.719 
297.688 
297.64 
297.565 
297.512 
297.506 
297.531 
297.549 
297.516 
297.492 
297.506 
297.542 
297.581 
297.694 
297.813 
297.866 
297.87 
297.899 
297.952 
298.082 
298.268 
298.402 
298.357 
298.161 
297.926 
297.855 
297.823 
297.864 
297.844 
297.918 
297.962 
298.027 
299.618 
299.804 
299.845 
299.925 
299.995 
300.103 
306.403 
300.225 
300.255 
306.745 
307.209 
307.035 
307.204 
307.214 
307.582 
307.666 
307.253 
307.073 
307.058 
307.166 
307.283 
307.51 
306.903 
307.06 
307.549 
306.934 
305.557 
303.792 
303.832 
297.872 
296.998 
297.082 
297.426 
297.504 
297.658 
297.633 
297.713 
297.874 
297.844 
297.716 
297.667 
297.601 
297.535 
297.494 
297.491 
297.504 
297.496 
297.464 
297.517 
297.605 
297.67 
297.747 
297.871 
297.984 
298.052 
298.105 
298.162 
298.194 
298.18 
298.16 
298.089 
297.944 
297.838 
297.817 
297.826 
297.828 
297.813 
297.838 
297.902 
297.965 
298.026 
299.8 
299.795 
299.884 
299.936 
300.012 
300.05 
300.085 
300.251 
300.24 
300.175 
300.209 
300.212 
300.254 
307.384 
307.391 
307.211 
307.461 
307.363 
307.261 
307.334 
307.726 
306.661 
307.405 
307.294 
307.206 
306.633 
305.961 
305.78 
306.566 
306.108 
300.82 
296.921 
297.415 
297.535 
297.708 
297.719 
297.726 
297.742 
297.791 
297.667 
297.596 
297.534 
297.501 
297.49 
297.492 
297.478 
297.48 
297.552 
297.71 
297.815 
297.87 
297.925 
297.989 
298.082 
298.138 
298.189 
298.198 
298.086 
297.92 
297.785 
297.697 
297.675 
297.746 
297.828 
297.848 
297.788 
297.818 
297.837 
297.892 
297.945 
298.007 
299.861 
299.853 
299.915 
299.959 
300.021 
300.098 
300.225 
300.279 
300.308 
300.305 
300.376 
300.472 
300.412 
300.4 
307.456 
307.569 
307.606 
307.443 
307.509 
307.33 
307.475 
307.322 
307.375 
307.441 
307.347 
307.052 
306.348 
305.548 
305.712 
306.172 
303.273 
300.739 
300.604 
297.394 
297.618 
297.585 
297.621 
297.616 
297.544 
297.523 
297.498 
297.472 
297.439 
297.431 
297.444 
297.479 
297.614 
297.794 
297.948 
297.976 
297.932 
297.86 
297.817 
297.881 
297.941 
297.932 
297.888 
297.832 
297.783 
297.819 
297.909 
298.018 
298.11 
301.436 
297.719 
297.878 
297.822 
297.882 
297.891 
297.926 
297.967 
300.001 
299.903 
299.969 
300.006 
300.056 
300.096 
300.196 
300.332 
300.326 
300.242 
300.311 
300.419 
300.416 
300.576 
300.455 
300.57 
300.688 
300.469 
300.599 
300.765 
307.482 
307.501 
307.346 
307.433 
307.501 
307.026 
307.049 
306.345 
305.871 
307.062 
304.971 
301.624 
302.11 
301.828 
301.972 
301.602 
300.72 
297.353 
297.574 
297.586 
297.621 
297.565 
297.555 
297.588 
297.665 
297.737 
297.792 
297.764 
297.72 
297.669 
297.602 
297.529 
297.476 
297.503 
297.659 
297.759 
297.784 
297.787 
297.903 
298.029 
298.092 
298.091 
297.985 
297.862 
297.796 
297.891 
297.859 
297.916 
297.895 
297.921 
297.943 
300.055 
299.978 
300.025 
300.069 
300.105 
300.16 
300.257 
300.367 
300.4 
300.33 
300.385 
300.548 
300.476 
300.536 
300.61 
300.856 
300.979 
300.676 
300.867 
301.053 
307.558 
307.646 
307.767 
307.418 
307.779 
307.24 
307.465 
307.317 
306.323 
305.741 
306.729 
304.135 
303.655 
303.631 
303.172 
302.222 
301.702 
301.46 
301.612 
300.671 
297.564 
297.576 
297.496 
297.54 
297.504 
297.358 
297.236 
297.407 
297.602 
297.888 
297.89 
298.091 
297.915 
297.401 
297.283 
297.611 
297.702 
297.78 
297.868 
297.978 
297.981 
297.934 
297.844 
297.833 
297.881 
297.878 
297.859 
297.877 
297.89 
297.925 
297.948 
300.062 
300.062 
300.095 
300.15 
300.151 
300.195 
300.277 
300.402 
300.457 
300.379 
300.423 
300.611 
300.52 
300.632 
300.619 
300.851 
301.01 
300.745 
307.373 
307.595 
307.613 
307.518 
307.588 
307.408 
307.319 
307.112 
307.519 
307.454 
306.61 
306.107 
307.002 
307.735 
306.972 
306.591 
305.063 
303.736 
303.28 
302.702 
302.173 
301.622 
301.369 
301.254 
301.107 
300.934 
300.375 
300.583 
301.581 
302.738 
303.954 
304.675 
305.124 
305.356 
303.944 
301.164 
296.883 
297.176 
297.394 
297.354 
297.506 
297.55 
297.696 
297.808 
297.81 
297.851 
297.875 
297.867 
297.819 
297.799 
297.85 
297.937 
297.981 
300.09 
300.156 
300.184 
300.248 
300.21 
300.255 
300.339 
300.45 
300.555 
300.486 
300.508 
300.732 
300.584 
300.697 
300.719 
301.043 
307.412 
307.278 
307.378 
307.394 
307.621 
307.071 
306.952 
306.831 
307.667 
307.047 
307.643 
307.61 
306.598 
305.335 
306.657 
307.695 
307.845 
307.834 
307.263 
305.079 
303.926 
303.277 
303.023 
302.61 
302.405 
302.127 
301.882 
301.853 
302.092 
302.941 
304.404 
306.108 
307.215 
307.408 
307.388 
307.335 
305.756 
303.058 
300.958 
301.191 
298.254 
297.257 
296.791 
297.178 
297.464 
297.615 
297.78 
297.864 
297.868 
297.841 
297.798 
297.736 
297.767 
297.881 
297.973 
300.146 
300.229 
300.271 
300.346 
300.268 
300.305 
300.411 
300.524 
300.655 
300.58 
300.613 
300.866 
300.676 
300.824 
300.81 
307.755 
307.534 
306.426 
306.772 
307.691 
307.543 
307.161 
307.099 
306.84 
307.378 
307.488 
307.489 
307.857 
306.144 
305.343 
306.211 
307.689 
307.527 
307.727 
307.498 
307.018 
305.436 
304.039 
303.321 
303.427 
303.251 
303.574 
303.414 
303.69 
304.71 
305.866 
306.884 
308.252 
308.472 
308.036 
307.082 
307.398 
307.018 
305.712 
305.003 
303.972 
302.345 
301.025 
299.415 
299.096 
297.097 
297.427 
297.51 
297.667 
297.838 
297.864 
297.775 
297.757 
297.749 
297.84 
297.925 
300.204 
300.269 
300.322 
300.422 
300.342 
300.362 
300.494 
300.628 
300.8 
300.713 
307.551 
307.749 
307.311 
307.596 
307.557 
307.711 
307.578 
307.214 
306.957 
307.524 
306.976 
306.892 
306.805 
306.535 
306.552 
306.422 
307.137 
306.815 
305.771 
304.671 
305.554 
307.316 
307.945 
307.306 
306.595 
306.228 
306.234 
305.876 
304.9 
304.989 
305.872 
306.637 
306.817 
307.159 
307.984 
308.05 
308.428 
308.429 
308.573 
308.156 
307.227 
305.966 
305.308 
305.14 
304.961 
303.685 
301.706 
300.651 
300.434 
300.959 
301.459 
302.157 
301.598 
300.673 
300.387 
297.83 
297.921 
297.812 
297.79 
297.791 
297.861 
300.253 
300.287 
300.345 
300.441 
300.421 
300.419 
300.566 
300.775 
307.587 
307.7 
307.526 
307.622 
307.231 
307.016 
306.966 
307.628 
307.413 
307.072 
306.682 
306.955 
307.171 
307.072 
306.703 
306.932 
307.226 
306.198 
306.225 
306.619 
305.216 
303.809 
304.302 
306.276 
307.208 
306.551 
305.917 
305.182 
304.57 
304.315 
305.066 
306.184 
307.506 
308.41 
308.54 
308.49 
308.454 
308.326 
308.418 
308.73 
308.357 
308.107 
306.877 
304.568 
303.452 
303.878 
304.915 
303.962 
302.52 
301.616 
301.161 
301.828 
303.048 
303.899 
302.943 
301.267 
300.518 
300.279 
297.663 
297.838 
297.901 
297.911 
297.891 
300.315 
300.282 
300.371 
300.465 
300.492 
300.489 
300.633 
307.044 
306.838 
307.547 
307.489 
307.586 
307.04 
307.201 
306.945 
307.082 
306.634 
307.127 
306.33 
306.57 
307.263 
307.537 
306.642 
306.723 
307.089 
306.522 
306.007 
305.798 
304.723 
303.308 
303.267 
304.582 
305.777 
305.557 
304.83 
303.936 
302.912 
302.876 
303.615 
305.016 
306.898 
308.081 
308.5 
308.449 
308.652 
308.24 
308.23 
308.654 
308.534 
308.102 
307.091 
303.862 
302.219 
302.555 
304.118 
304.121 
304.191 
303.756 
303.131 
302.822 
302.386 
302.171 
302.582 
301.967 
301.515 
301.493 
301.731 
302.126 
301.591 
297.715 
297.75 
300.457 
300.303 
300.401 
300.509 
300.59 
300.577 
300.717 
306.943 
306.809 
307.449 
307.339 
306.795 
307.442 
307.131 
306.906 
307.108 
307.396 
306.568 
306.495 
306.216 
306.689 
307.291 
306.77 
307.507 
307.592 
306.514 
305.803 
304.994 
304.383 
303.725 
303.263 
303.602 
304.07 
303.802 
302.963 
302.812 
302.95 
302.691 
303.369 
304.781 
306.424 
307.537 
308.416 
308.479 
308.7 
308.589 
308.414 
308.607 
308.608 
307.862 
306.776 
304.428 
302.621 
302.093 
303.116 
303.99 
305.345 
305.505 
304.572 
303.719 
302.811 
301.815 
302.003 
302.67 
303.302 
303.306 
303.065 
301.637 
297.909 
297.908 
298.059 
300.726 
300.493 
300.483 
300.582 
300.734 
300.714 
306.941 
306.882 
306.677 
306.908 
306.567 
306.878 
306.757 
306.799 
306.61 
307.145 
307.374 
306.65 
305.856 
305.775 
305.425 
306.77 
306.579 
307.418 
307.62 
307.049 
306.234 
305.445 
305.019 
305.181 
304.724 
303.465 
302.626 
301.801 
301.342 
302.534 
303.778 
304.724 
305.317 
305.895 
307.047 
307.999 
308.43 
308.461 
308.625 
308.605 
308.349 
308.425 
308.602 
308.159 
307.684 
305.665 
304.034 
303.064 
302.95 
304.534 
306.202 
306.429 
306.388 
305.229 
303.949 
303.228 
303.284 
303.504 
303.457 
302.894 
298.301 
301.75 
297.748 
298.327 
298.456 
301.1 
300.903 
300.75 
300.717 
307.134 
306.988 
306.825 
306.845 
307.692 
307.681 
307.528 
307.59 
307.484 
307.57 
307.5 
307.683 
306.603 
306.581 
307.152 
305.972 
305.621 
306.855 
306.458 
307.124 
307.484 
307.665 
306.515 
306.735 
306.577 
306.454 
305.935 
304.385 
302.568 
301.356 
300.833 
301.929 
303.956 
306.116 
307.092 
306.835 
307.725 
307.873 
308.308 
308.303 
308.433 
308.594 
308.338 
308.288 
308.244 
307.715 
306.959 
306.336 
305.33 
304.835 
304.395 
305.73 
306.977 
307.708 
307.775 
307.148 
305.973 
304.76 
304.589 
303.802 
303.226 
302.583 
302.428 
298.38 
302.97 
298.937 
304.649 
301.413 
301.406 
307.421 
307.021 
306.912 
307.363 
307.035 
307.56 
307.566 
307.644 
306.803 
306.769 
307.427 
307.522 
307.503 
307.63 
307.315 
307.313 
307.355 
307.128 
306.47 
307.004 
307.049 
306.311 
307.265 
307.569 
307.64 
307.34 
307.71 
307.684 
306.937 
305.381 
303.838 
301.95 
300.701 
301.343 
303.679 
305.948 
307.254 
307.724 
308.17 
308.13 
308.206 
308.204 
308.344 
308.594 
308.232 
307.989 
307.667 
307.066 
306.469 
306.394 
306.344 
306.616 
306.056 
306.899 
307.754 
307.894 
307.948 
307.847 
307.45 
306.394 
305.355 
304.503 
303.432 
302.624 
298.499 
298.792 
299.19 
299.698 
306.735 
307.775 
307.665 
307.398 
307.322 
306.928 
306.981 
307.393 
306.973 
306.795 
307.639 
307.742 
307.656 
307.444 
307.503 
307.528 
307.507 
306.801 
306.845 
307.136 
307.104 
307.29 
306.637 
306.799 
307.255 
307.365 
307.537 
307.535 
307.519 
307.377 
307.476 
307.142 
305.266 
304.793 
303.24 
301.574 
301.678 
303.159 
305.148 
306.276 
307.574 
308.006 
307.809 
307.813 
307.821 
308.175 
308.388 
308.068 
307.805 
307.256 
306.037 
306.139 
307.377 
307.556 
307.918 
307.784 
307.897 
307.863 
307.625 
307.774 
307.903 
307.868 
307.398 
306.287 
305.252 
303.981 
302.637 
298.418 
299.146 
299.705 
300.433 
301.684 
307.964 
307.701 
307.86 
307.611 
307.018 
306.958 
307.051 
306.638 
306.798 
306.989 
307.655 
307.579 
307.387 
307.453 
307.544 
307.482 
305.756 
306.729 
306.767 
306.789 
307.23 
307.534 
307.5 
307.451 
307.522 
307.493 
307.449 
307.403 
306.319 
306.058 
306.032 
306.115 
306.195 
305.702 
304.735 
303.997 
304.801 
305.83 
306.648 
307.629 
307.399 
307.233 
307.241 
307.227 
307.762 
307.87 
307.94 
307.942 
307.322 
306.439 
306.549 
307.959 
308.319 
308.601 
308.662 
308.451 
308.072 
307.796 
307.71 
307.706 
307.72 
307.639 
307.001 
305.789 
304.571 
303.418 
303.65 
305.399 
299.897 
300.666 
301.767 
308.079 
307.572 
307.491 
307.749 
307.253 
307.038 
307.158 
307.518 
307.75 
307.711 
307.634 
307.524 
306.322 
307.394 
307.518 
307.527 
306.499 
306.196 
306.153 
305.947 
307.221 
307.52 
307.459 
307.485 
307.518 
307.4 
307.239 
307.264 
307.145 
306.039 
305.594 
306.173 
307.042 
307.284 
306.437 
306.605 
306.849 
307.547 
307.877 
308.026 
308.101 
307.519 
307.749 
307.451 
308.016 
307.631 
307.92 
308.145 
307.974 
307.63 
307.831 
308.438 
308.525 
308.585 
308.796 
308.538 
308.294 
308.174 
307.81 
307.66 
307.584 
307.616 
307.423 
306.588 
305.688 
305.25 
305.622 
300.584 
300.425 
306.837 
306.934 
308.6 
308.386 
308.072 
307.936 
306.915 
306.816 
306.945 
306.936 
307.668 
307.635 
307.547 
306.541 
307.424 
306.589 
306.688 
306.888 
306.495 
306.56 
307.212 
306.017 
307.324 
307.537 
307.422 
307.457 
307.507 
307.396 
306.308 
307.187 
307.251 
306.493 
306.412 
306.653 
307.406 
307.713 
307.954 
308.002 
308.15 
308.398 
308.426 
308.563 
308.3 
308.233 
308.27 
308.117 
308.251 
308.203 
308.174 
308.181 
308.211 
308.492 
308.6 
308.597 
308.52 
308.822 
308.783 
308.357 
308.401 
308.32 
307.868 
307.56 
307.235 
307.096 
307.07 
307.033 
306.663 
306.376 
301.187 
300.737 
301.324 
307.452 
307.534 
308.497 
307.819 
308.427 
307.757 
308.015 
307.023 
307.64 
307.65 
307.575 
307.535 
306.532 
306.644 
306.299 
307.521 
306.568 
306.875 
306.546 
307.353 
307.037 
306.287 
307.397 
307.46 
307.235 
307.399 
307.49 
307.406 
307.373 
307.347 
307.405 
307.452 
307.462 
307.493 
307.551 
307.752 
308.059 
308.215 
308.363 
308.428 
308.511 
308.776 
308.584 
308.342 
308.341 
308.361 
308.644 
308.716 
308.68 
308.289 
308.13 
308.125 
308.481 
308.764 
308.572 
309.002 
308.751 
308.292 
308.472 
308.267 
307.879 
307.379 
306.751 
305.697 
300.724 
301.2 
301.603 
301.725 
301.091 
301.106 
301.722 
302.44 
307.977 
307.622 
307.664 
308.455 
308.321 
308.19 
307.438 
306.499 
306.905 
306.509 
306.367 
306.627 
307.627 
306.41 
307.414 
307.529 
307.672 
306.423 
307.301 
307.351 
306.375 
307.399 
307.434 
306.172 
307.364 
307.481 
307.407 
307.405 
307.458 
307.458 
307.404 
307.449 
307.561 
307.606 
307.836 
308.14 
308.29 
308.461 
308.446 
308.642 
308.842 
308.628 
308.462 
308.635 
308.497 
308.72 
308.876 
309.005 
308.549 
308.167 
307.778 
308.026 
308.39 
308.378 
308.769 
308.586 
308.282 
308.395 
308.197 
307.935 
307.396 
306.622 
305.322 
300.391 
300.814 
300.911 
301.304 
301.161 
301.406 
301.96 
302.831 
306.89 
308.576 
308.462 
308.307 
308.163 
308.144 
306.76 
307.486 
306.921 
306.7 
306.326 
306.672 
306.748 
306.557 
306.391 
306.437 
307.614 
307.323 
307.325 
307.313 
305.849 
307.399 
307.345 
306.243 
306.293 
307.415 
307.34 
307.429 
307.492 
307.478 
307.274 
307.25 
307.364 
307.543 
307.931 
308.197 
308.307 
308.456 
308.464 
308.785 
308.753 
308.407 
308.519 
308.502 
308.706 
308.848 
308.671 
308.736 
308.756 
308.419 
308.126 
308.092 
308.143 
308.168 
308.338 
308.469 
308.261 
308.241 
308.185 
307.96 
307.573 
307.125 
306.501 
305.312 
300.382 
300.78 
300.911 
301.178 
301.37 
301.895 
307.72 
302.004 
307.341 
308.278 
308.262 
308.148 
308.044 
307.684 
306.479 
306.704 
307.061 
306.685 
306.78 
307.759 
306.668 
306.503 
306.7 
306.802 
306.261 
307.217 
307.245 
306.235 
307.262 
305.934 
305.112 
306.919 
307.153 
307.058 
307.224 
307.431 
307.516 
306.627 
307.182 
307.221 
307.575 
308.095 
308.281 
308.363 
308.478 
308.54 
308.894 
308.696 
308.264 
308.388 
308.504 
308.625 
308.966 
308.756 
308.616 
308.693 
308.65 
308.741 
308.685 
308.388 
308.305 
308.096 
308.452 
308.528 
308.314 
308.199 
307.847 
307.467 
307.121 
306.345 
300.078 
300.447 
300.553 
300.766 
301.262 
301.497 
301.787 
301.796 
302.054 
307.513 
307.321 
308.212 
308.005 
307.243 
306.406 
306.368 
306.616 
306.746 
306.684 
306.862 
306.812 
306.816 
306.535 
306.591 
307.66 
307.369 
306.088 
306.15 
307.101 
307.104 
304.524 
303.701 
305.492 
305.49 
305.369 
306.747 
306.811 
306.96 
307.044 
306.746 
307.349 
307.392 
307.946 
308.212 
308.405 
308.524 
308.621 
309.007 
308.704 
308.049 
308.217 
308.356 
308.443 
308.748 
308.842 
308.788 
308.684 
308.617 
308.831 
309.112 
308.794 
308.666 
308.48 
308.575 
308.914 
308.548 
308.268 
307.69 
307.101 
306.609 
300.105 
300.161 
300.336 
300.45 
300.769 
301.269 
301.531 
301.683 
301.88 
301.873 
307.379 
307.549 
307.579 
307.686 
307.213 
306.556 
306.375 
306.623 
306.607 
306.642 
306.801 
306.938 
306.966 
306.741 
306.814 
306.895 
306.497 
306.511 
306.555 
306.176 
307.174 
305.343 
303.918 
304.329 
305.443 
304.874 
305.124 
304.648 
304.472 
304.576 
305.913 
305.492 
305.696 
306.892 
306.866 
308.634 
308.897 
309.021 
309.373 
308.995 
308.497 
308.276 
308.287 
308.433 
308.476 
308.567 
308.721 
308.756 
308.623 
308.645 
308.927 
308.913 
308.797 
308.762 
308.752 
309.027 
308.821 
308.489 
308.065 
307.473 
306.208 
299.637 
299.993 
300.064 
300.417 
300.76 
301.29 
301.532 
301.591 
301.752 
301.779 
307.733 
307.528 
307.208 
307.495 
307.18 
306.765 
306.747 
306.699 
306.611 
306.633 
306.803 
306.897 
307.062 
306.823 
306.91 
306.952 
306.098 
306.422 
306.143 
306.261 
307.262 
306.982 
306.325 
305.95 
306.081 
305.92 
304.129 
303.378 
302.71 
302.367 
302.766 
303.295 
303.827 
304.728 
306.226 
307.723 
308.739 
308.972 
309.247 
308.558 
308.554 
308.363 
308.347 
308.331 
308.414 
308.424 
308.402 
308.613 
308.763 
308.715 
308.826 
308.785 
308.762 
308.747 
308.813 
309.044 
309.241 
309.073 
307.673 
306.203 
299.962 
300.484 
301.349 
301.905 
307.166 
305.785 
301.04 
301.585 
301.564 
301.66 
301.647 
307.545 
307.114 
307.52 
307.689 
307.164 
306.73 
306.514 
306.727 
306.564 
306.607 
306.795 
306.747 
306.746 
306.928 
307.64 
306.684 
306.386 
305.904 
306.135 
306.115 
307.12 
307.357 
306.384 
306.295 
305.679 
305.975 
304.049 
302.834 
302.025 
301.542 
301.398 
301.37 
301.797 
303.02 
304.559 
306.202 
307.556 
308.731 
308.421 
308.664 
308.486 
308.355 
308.391 
308.356 
308.487 
308.507 
308.366 
308.444 
308.751 
308.954 
309.013 
308.757 
308.781 
308.782 
308.874 
308.982 
308.718 
308.64 
308.517 
307.949 
308.341 
308.454 
308.484 
307.864 
307.478 
306.958 
306.853 
301.137 
301.712 
301.545 
301.588 
307.048 
307.273 
307.333 
307.491 
307.167 
306.78 
306.612 
306.736 
306.67 
306.677 
306.833 
306.85 
306.91 
307.565 
307.52 
306.813 
306.461 
306.223 
307.15 
306.037 
306.014 
307.265 
307.436 
306.226 
306.104 
306.001 
304.931 
303.379 
302.249 
301.547 
300.804 
300.413 
300.876 
301.932 
302.792 
303.847 
305.677 
307.822 
308.872 
308.568 
308.347 
308.359 
308.362 
308.316 
308.425 
308.58 
308.54 
308.457 
308.642 
309.076 
309.148 
308.802 
308.85 
308.85 
308.946 
308.925 
308.635 
308.52 
308.379 
308.28 
308.144 
307.956 
307.745 
307.581 
307.069 
305.503 
300.904 
301.349 
301.509 
301.522 
301.511 
307.203 
307.48 
307.54 
307.58 
307.349 
306.975 
306.726 
306.746 
306.61 
306.72 
306.814 
306.864 
307.533 
306.555 
306.594 
307.678 
306.423 
307.166 
306.371 
307.018 
305.995 
307.164 
307.236 
306.337 
306.648 
306.412 
306.516 
304.822 
303.867 
302.65 
301.053 
300.165 
300.797 
301.88 
302.394 
302.696 
304.388 
306.802 
308.705 
308.591 
308.44 
308.423 
308.331 
308.281 
308.352 
308.437 
308.495 
308.443 
308.6 
308.914 
308.885 
308.682 
308.762 
308.749 
308.896 
309.216 
308.574 
308.565 
308.569 
308.482 
308.278 
308.138 
308.04 
307.823 
307.003 
305.132 
300.772 
301.409 
301.265 
301.493 
301.418 
307.158 
307.474 
307.604 
307.604 
307.33 
306.988 
306.835 
306.888 
306.242 
306.393 
306.815 
306.704 
307 
307.452 
306.977 
307.6 
307.351 
306.097 
306.414 
306.444 
305.882 
306.059 
306.322 
306.446 
306.305 
306.378 
306.857 
306.903 
306.047 
304.74 
302.614 
301.027 
301.165 
302.398 
303.428 
303.74 
304.595 
306.879 
308.519 
308.55 
308.53 
308.434 
308.325 
308.372 
308.379 
308.388 
308.334 
308.329 
308.497 
308.619 
308.562 
308.513 
308.618 
308.691 
308.949 
308.526 
309.033 
309.081 
308.833 
308.415 
308.183 
307.976 
307.741 
307.937 
307.694 
306.932 
306.023 
300.905 
301.125 
301.333 
301.291 
306.903 
307.114 
307.046 
307.052 
306.826 
306.573 
306.88 
306.986 
306.714 
307.573 
306.742 
306.728 
306.692 
307.515 
307.545 
307.493 
306.283 
306.564 
306.455 
306.997 
307.057 
306.617 
307.251 
306.746 
307.348 
306.598 
306.779 
306.785 
307.488 
306.655 
305.228 
303.691 
303.1 
303.699 
304.604 
305.13 
305.758 
307.598 
308.339 
308.507 
308.501 
308.401 
308.382 
308.447 
308.435 
308.381 
308.322 
308.262 
308.31 
308.353 
308.378 
308.463 
308.629 
308.688 
308.195 
301.578 
301.388 
301.48 
302.229 
308.74 
308.062 
308.149 
302.248 
303.242 
308.345 
307.308 
306.752 
305.985 
300.982 
301.169 
301.144 
305.011 
305.32 
305.207 
305.293 
305.79 
306.168 
306.692 
306.746 
306.637 
306.638 
306.759 
306.76 
306.693 
306.526 
306.577 
306.548 
307.371 
307.104 
307.008 
306.072 
305.964 
306.731 
306.101 
306.336 
306.704 
306.789 
307.401 
307.459 
307.538 
307.041 
306.664 
306.275 
305.896 
305.841 
305.95 
305.99 
307.097 
307.925 
308.341 
308.441 
308.431 
308.362 
308.386 
308.441 
308.424 
308.451 
308.463 
308.3 
308.307 
308.334 
308.25 
308.357 
308.621 
308.619 
309.082 
301.396 
300.906 
300.895 
300.985 
301.204 
301.459 
301.659 
301.978 
302.609 
303.082 
308.594 
308.057 
307.309 
300.614 
300.766 
300.753 
304.601 
305.965 
305.769 
305.394 
305.883 
306.324 
306.861 
306.794 
306.848 
306.702 
306.687 
306.653 
306.648 
306.519 
306.578 
306.583 
306.338 
306.226 
307.038 
306.539 
306.067 
306.511 
306.729 
306.71 
306.278 
306.848 
306.47 
306.367 
306.769 
307.815 
308.049 
308.136 
307.435 
307.613 
307.251 
307.754 
307.627 
307.661 
308.406 
308.326 
308.323 
308.286 
308.299 
308.336 
308.38 
308.496 
308.561 
308.455 
308.526 
308.519 
308.446 
308.46 
308.619 
308.622 
309.772 
308.206 
301.128 
300.956 
300.911 
301.048 
301.164 
301.423 
301.728 
302.028 
302.255 
302.373 
302.232 
301.635 
300.443 
300.462 
300.556 
305.699 
306.181 
306.416 
305.461 
306.412 
305.898 
306.279 
306.53 
306.454 
306.75 
306.704 
306.594 
306.533 
306.394 
306.47 
306.433 
306.34 
306.374 
306.286 
306.35 
306.079 
306.11 
306.167 
306.28 
306.383 
306.343 
306.768 
306.668 
307.557 
307.768 
308.03 
308.183 
308.295 
308.457 
308.627 
308.784 
309.097 
308.264 
308.462 
308.337 
308.271 
308.207 
308.196 
308.19 
308.215 
308.318 
308.411 
308.459 
308.615 
308.635 
308.673 
308.714 
308.788 
308.927 
309.418 
309.392 
309.511 
307.593 
300.819 
301.062 
300.977 
301.197 
301.323 
301.454 
301.463 
301.393 
301.297 
300.93 
300.338 
300.24 
300.253 
306.696 
306.407 
305.779 
305.756 
305.982 
306.352 
306.347 
306.849 
306.634 
307.708 
306.959 
306.985 
306.899 
306.912 
307.004 
306.925 
306.193 
306.229 
306.294 
306.428 
306.382 
306.156 
306.008 
306.146 
306.196 
306.343 
306.559 
306.801 
307.018 
307.38 
308.039 
307.48 
308.201 
308.442 
308.693 
308.971 
309.269 
308.822 
308.486 
308.376 
308.292 
308.206 
308.198 
308.523 
308.057 
308.099 
308.157 
308.253 
308.526 
308.486 
308.632 
308.772 
308.867 
309.141 
309.529 
309.244 
308.958 
308.914 
307.033 
300.949 
301.024 
301.041 
301.063 
300.953 
300.96 
300.921 
300.834 
300.593 
300.188 
300.064 
300.347 
307.618 
306.569 
305.733 
305.797 
306.607 
306.952 
307.298 
306.787 
306.707 
307.629 
307.744 
306.697 
306.791 
306.694 
306.732 
306.855 
306.354 
306.258 
306.183 
306.927 
306.174 
306.186 
306.21 
306.341 
306.464 
306.528 
306.699 
306.902 
307.07 
307.892 
307.97 
308.036 
308.079 
308.399 
308.744 
309.048 
309.278 
308.751 
308.462 
308.366 
308.222 
308.109 
308.177 
308.21 
308.168 
308.151 
308.19 
308.315 
308.504 
308.374 
308.579 
308.701 
308.947 
309.344 
310.024 
309.865 
309.296 
309.301 
307.771 
306.549 
300.635 
300.785 
300.679 
300.676 
300.621 
300.641 
300.579 
300.349 
300.022 
300.044 
300.891 
306.895 
306.756 
306.116 
306.134 
305.695 
306.634 
306.386 
306.734 
306.742 
307.028 
307.727 
307.738 
306.858 
306.703 
306.759 
306.602 
307.191 
306.361 
306.073 
306.185 
305.947 
306.168 
306.501 
306.669 
306.762 
306.627 
306.891 
307.049 
307.047 
307.721 
307.773 
307.742 
307.843 
308.287 
308.638 
309.022 
309.173 
308.633 
308.303 
308.145 
307.971 
307.852 
308.005 
308.176 
308.208 
308.2 
308.271 
308.346 
308.323 
308.352 
308.629 
308.805 
309.063 
309.624 
309.949 
309.777 
309.848 
309.621 
309.698 
308.287 
306.349 
300.675 
300.75 
300.659 
300.572 
300.455 
300.314 
300.136 
299.857 
299.969 
301.239 
307.182 
307.083 
307.224 
306.073 
305.899 
305.958 
306.225 
306.505 
306.893 
306.747 
307.165 
306.896 
306.925 
306.728 
306.677 
306.519 
306.421 
306.385 
306.172 
306.046 
305.937 
305.964 
306.422 
306.994 
306.935 
307.525 
307.083 
307.121 
307.754 
307.649 
307.418 
306.456 
306.949 
308.227 
308.504 
308.978 
309.052 
308.526 
308.107 
307.863 
307.736 
307.673 
307.838 
308.343 
308.161 
308.262 
308.293 
308.373 
308.324 
308.463 
308.799 
308.963 
309.261 
309.743 
309.635 
309.39 
309.225 
309.465 
309.756 
309.56 
308.209 
305.841 
300.276 
300.346 
300.299 
300.305 
300.311 
299.993 
299.79 
300.244 
301.324 
307.025 
306.709 
307.062 
306.493 
306.353 
306.281 
306.018 
306.189 
307.065 
307.266 
307.605 
306.94 
307.108 
306.829 
306.69 
306.542 
306.32 
306.448 
306.201 
306.205 
306.089 
306.243 
306.696 
307.259 
307.354 
307.524 
307.588 
307.016 
307.697 
307.592 
307.244 
305.971 
307.046 
308.266 
308.194 
309.042 
308.985 
308.501 
308.312 
307.891 
307.272 
307.281 
307.491 
307.877 
308.106 
308.242 
308.052 
307.947 
308.133 
308.716 
308.91 
309.032 
309.431 
309.73 
309.181 
309.167 
309.234 
309.306 
309.649 
309.611 
309.379 
308.463 
306.729 
306.329 
305.742 
305.589 
299.905 
299.701 
299.644 
300.033 
300.445 
306.771 
306.886 
306.761 
306.568 
306.745 
307.142 
307.162 
305.927 
307.25 
306.86 
307.232 
307.238 
306.964 
306.94 
306.889 
306.684 
306.532 
306.319 
306.293 
306.309 
306.227 
306.317 
306.596 
306.579 
306.639 
307.484 
307.48 
307.597 
307.531 
307.55 
307.083 
307.715 
307.403 
308.467 
308.398 
309.164 
308.818 
308.003 
308.234 
308.261 
307.25 
306.843 
307.474 
307.138 
308.047 
308.207 
308.538 
308.429 
308.434 
308.856 
308.895 
309.091 
309.426 
309.222 
308.99 
309.053 
309.144 
309.186 
309.341 
309.498 
309.18 
309.247 
308.515 
307.609 
306.199 
304.965 
304.622 
303.906 
299.675 
305.618 
305.801 
306.899 
306.976 
307.19 
307.567 
306.989 
307.22 
307.278 
306.052 
305.872 
306.812 
307.037 
306.876 
306.839 
307.123 
306.96 
306.56 
306.304 
306.258 
306.489 
306.566 
306.465 
306.496 
306.66 
306.566 
307.326 
307.435 
306.619 
307.506 
306.714 
306.79 
307.31 
307.551 
307.73 
307.765 
308.972 
308.901 
308.455 
308.501 
308.046 
307.454 
307.217 
306.86 
306.769 
307.015 
308.301 
307.534 
308.361 
308.057 
308.528 
308.84 
308.773 
309.194 
309.363 
309.078 
308.885 
308.941 
309.114 
309.064 
309.538 
309.738 
309.011 
309.101 
308.859 
309.152 
309.066 
307.763 
306.31 
305.499 
305.289 
307.371 
306.776 
307.286 
307.23 
307.267 
306.807 
307.048 
306.492 
307.452 
306.673 
306.959 
306.956 
306.983 
306.522 
306.708 
307.085 
306.761 
306.697 
306.501 
306.403 
306.308 
306.417 
306.546 
306.56 
306.643 
306.673 
306.635 
306.597 
307.427 
306.961 
306.746 
306.89 
306.694 
307.728 
307.897 
308.124 
308.81 
309.181 
308.168 
308.411 
307.835 
308.133 
307.594 
307.622 
307.724 
307.804 
308.328 
308.645 
308.381 
308.385 
308.048 
308.452 
308.89 
309.545 
309.278 
309.026 
309.007 
309.126 
309.207 
309.373 
309.417 
309.129 
309.053 
309.052 
308.971 
309.041 
309.55 
309.526 
309.503 
308.664 
307.28 
307.038 
306.73 
307.629 
306.711 
307.765 
307.282 
307.054 
306.969 
306.776 
306.642 
306.806 
306.716 
305.824 
306.306 
306.76 
306.93 
306.628 
306.438 
306.352 
306.262 
306.239 
306.341 
306.994 
307.197 
306.622 
306.677 
306.353 
306.525 
307.401 
306.792 
306.87 
306.941 
306.758 
307.688 
307.856 
308.663 
308.385 
308.15 
308.09 
308.291 
307.127 
307.605 
307.536 
307.748 
307.801 
307.843 
308.106 
308.422 
308.425 
308.509 
308.324 
308.948 
308.437 
309.243 
309.169 
309.068 
309.017 
309.079 
309.23 
309.322 
309.226 
309.147 
309.109 
308.892 
308.484 
308.269 
309.257 
309.233 
309.653 
309.307 
308.307 
307.536 
307.139 
306.69 
306.968 
306.963 
307.245 
307.05 
306.693 
307.619 
306.704 
306.839 
307.666 
305.789 
306.16 
306.095 
306.717 
306.484 
306.31 
306.27 
306.281 
306.141 
306.028 
306.11 
306.216 
306.418 
306.419 
306.871 
307.018 
307.273 
307.375 
307.186 
306.744 
307.018 
307.409 
307.979 
308.137 
308.277 
309.088 
307.82 
307.991 
307.76 
307.694 
306.806 
307.622 
307.68 
307.856 
308.196 
308.391 
308.435 
307.838 
308.697 
308.442 
309.123 
309.192 
308.859 
309.023 
309.058 
309.11 
309.201 
309.26 
309.165 
309.567 
309.522 
309.291 
309.301 
308.947 
309.301 
309.329 
309.282 
309.361 
308.578 
307.686 
307.636 
306.709 
306.887 
306.797 
306.863 
306.962 
307.054 
306.842 
307.084 
306.913 
306.893 
307.037 
306.715 
306.69 
306.78 
306.814 
306.62 
306.407 
306.391 
306.087 
306.01 
306.087 
306.169 
306.145 
306.664 
306.858 
307.001 
307.161 
307.643 
307.463 
306.611 
306.962 
307.407 
308.035 
308.417 
307.525 
308.737 
308.234 
308.157 
307.421 
307.759 
306.991 
308.212 
307.771 
307.323 
307.929 
308.356 
307.993 
308.042 
308.745 
308.997 
309.248 
308.758 
309.21 
308.962 
309.094 
309.022 
309.208 
309.051 
309.024 
309.507 
309.407 
309.213 
309.281 
309.262 
309.52 
309.569 
309.323 
308.976 
309.222 
308.245 
308.008 
306.158 
306.441 
307.162 
306.649 
306.618 
307.656 
307.715 
306.714 
306.898 
307.137 
307.368 
307.304 
306.872 
307.673 
306.921 
307.408 
307.35 
307.294 
306.582 
306.544 
306.266 
306.616 
306.657 
306.505 
306.801 
307.155 
307.308 
307.461 
306.876 
305.923 
306.352 
306.974 
307.466 
307.485 
307.533 
308.376 
307.959 
308.187 
307.328 
307.341 
307.744 
307.839 
307.923 
308.054 
308.28 
308.357 
308.61 
308.699 
308.605 
309.076 
309.006 
308.722 
309.447 
308.953 
309.009 
308.609 
308.8 
309.072 
309.086 
309.029 
308.695 
308.984 
309.239 
309.101 
309.617 
309.275 
309.753 
309.337 
309.009 
308.396 
308.217 
304.724 
305.54 
307.101 
306.953 
306.701 
306.868 
306.711 
306.443 
307.183 
307.255 
307.085 
307.149 
307.337 
306.914 
307.351 
306.764 
305.796 
305.655 
306.118 
306.403 
305.823 
306.568 
306.66 
306.547 
306.693 
307.581 
307.572 
306.385 
306.085 
305.485 
305.679 
305.965 
306.068 
306.136 
306.441 
306.937 
307.45 
307.665 
307.766 
307.842 
307.745 
308.049 
307.509 
308.017 
308.151 
308.535 
308.635 
307.932 
307.571 
308.871 
308.35 
309.091 
309.019 
308.847 
308.771 
308.89 
309.058 
309.077 
309.009 
308.937 
308.978 
308.991 
309.297 
308.745 
309.055 
308.355 
309.707 
309.304 
308.894 
308.163 
308.348 
303.432 
304.285 
306.213 
306.139 
306.462 
306.673 
307.477 
307.325 
307.076 
307.117 
307.194 
307.167 
307.018 
306.94 
307.277 
306.142 
305.115 
303.597 
304.833 
305.445 
306.559 
306.12 
306.797 
306.66 
306.543 
306.833 
305.796 
305.763 
305.533 
305.099 
304.767 
304.404 
303.814 
303.698 
304.417 
305.527 
306.2 
306.769 
307.154 
307.507 
307.489 
307.998 
308.086 
307.811 
307.479 
308.392 
308.492 
308.643 
308.622 
308.917 
308.968 
308.93 
309.297 
309.035 
308.537 
308.42 
308.598 
308.786 
308.833 
308.807 
308.868 
308.858 
308.753 
308.967 
309.052 
308.88 
309.295 
309.648 
309.255 
308.488 
308.224 
303.323 
303.336 
304.237 
305.305 
305.497 
306.499 
306.02 
306.631 
307.62 
307.729 
306.962 
307.054 
307.068 
307.009 
306.715 
306.505 
304.028 
303.179 
303.299 
305.389 
305.808 
306.41 
306.841 
306.586 
305.854 
304.391 
303.947 
303.996 
304.342 
304.417 
303.879 
303.24 
302.017 
301.309 
301.748 
303.528 
305.11 
305.97 
306.324 
306.427 
307.749 
308.073 
308.008 
306.899 
307.922 
307.767 
308.144 
308.035 
308.547 
308.78 
308.913 
309.092 
309.199 
309.15 
308.689 
307.351 
306.598 
307.415 
308.505 
308.703 
308.705 
308.694 
308.655 
308.687 
308.654 
309.193 
309.444 
309.337 
309.464 
309.219 
308.514 
302.626 
302.426 
302.759 
303.814 
305.02 
305.319 
304.726 
305.377 
306.234 
306.909 
306.502 
306.251 
306.157 
306.568 
307.117 
306.562 
305.88 
304.667 
303.4 
302.944 
303.871 
306.313 
306.502 
307.334 
305.927 
304.117 
302.145 
301.314 
301.831 
302.649 
302.477 
301.554 
300.203 
299.291 
299.553 
301.562 
303.977 
305.481 
306.685 
307.193 
307.645 
308.348 
307.739 
308.249 
307.585 
307.832 
307.884 
307.904 
308.14 
308.806 
308.915 
308.335 
308.679 
308.842 
307.954 
307.107 
306.383 
307.021 
308.662 
308.622 
308.16 
308.292 
308.412 
308.622 
308.723 
308.941 
309.265 
309.536 
309.643 
309.584 
309.261 
302.749 
302.327 
302.376 
302.757 
303.833 
304.278 
304.049 
303.579 
305.668 
307.253 
306.969 
307.015 
306.386 
306.373 
306.437 
306.687 
306.665 
306.13 
304.433 
303.07 
302.717 
304.675 
305.882 
305.436 
305.997 
304.522 
302.234 
300.105 
299.62 
300.54 
300.334 
299.115 
298.284 
297.578 
298.033 
300.538 
303.122 
304.907 
306.04 
307.092 
307.375 
306.75 
306.591 
307.427 
307.977 
308.232 
308.239 
307.861 
307.769 
308.399 
308.979 
309.131 
309.307 
309.394 
308.561 
307.337 
305.645 
305.937 
307.217 
307.698 
307.404 
307.455 
307.765 
308.282 
308.414 
308.585 
308.914 
309.128 
309.279 
309.47 
309.227 
302.941 
302.715 
302.843 
302.607 
303 
303.463 
304.033 
304.154 
305.458 
306.432 
306.271 
306.464 
306.417 
305.577 
305.265 
306.428 
306.304 
306.509 
305.881 
304.901 
303.55 
302.702 
303.658 
303.639 
304.658 
304.783 
303.595 
301.767 
299.905 
299.449 
298.89 
297.546 
296.309 
295.961 
297.647 
300.665 
303.089 
304.799 
305.775 
307.661 
307.143 
306.509 
306.334 
307.048 
307.686 
308.183 
308.067 
307.384 
307.284 
306.833 
308.277 
309.006 
309.121 
309.587 
308.689 
307.385 
306.407 
305.98 
306.255 
306.636 
306.186 
305.594 
306.425 
307.979 
308.45 
308.47 
308.446 
307.02 
307.396 
308.82 
309.222 
302.992 
302.494 
302.919 
302.726 
302.888 
302.824 
303.558 
303.948 
304.515 
304.77 
304.837 
306.864 
305.921 
305.634 
304.694 
305.062 
305.73 
306.181 
306.26 
306.091 
305.151 
303.381 
301.647 
301.41 
302.337 
303.428 
303.845 
302.824 
301.281 
300.229 
299.171 
297.904 
296.607 
296.218 
298.134 
301.097 
303.346 
304.679 
305.606 
306.235 
307.038 
306.977 
306.718 
306.298 
306.882 
308.21 
307.78 
307.935 
307.46 
307.044 
307.886 
308.786 
308.563 
309.585 
309.156 
308.007 
306.132 
305.078 
304.996 
305.271 
304.627 
304.251 
305.526 
307.373 
308.374 
307.48 
308.383 
306.912 
306.662 
306.487 
306.596 
