298.49 
298.488 
298.404 
298.214 
298.023 
298.034 
298.251 
298.532 
298.773 
298.931 
298.993 
298.96 
298.894 
298.892 
298.977 
299.095 
299.186 
299.243 
299.275 
299.227 
299.075 
298.778 
298.325 
297.984 
297.749 
297.594 
297.45 
297.323 
297.195 
297.09 
297.008 
297.02 
297.05 
296.946 
296.878 
297.129 
297.447 
297.48 
297.499 
297.51 
297.49 
297.494 
297.53 
297.573 
297.593 
297.583 
297.552 
297.52 
297.497 
297.491 
297.525 
297.575 
297.571 
297.512 
297.433 
297.377 
297.362 
297.34 
297.317 
297.41 
297.642 
297.831 
297.881 
297.866 
297.874 
297.9 
297.912 
297.894 
298.003 
297.806 
297.765 
298.587 
298.582 
298.537 
298.456 
298.362 
298.367 
298.522 
298.781 
299.03 
299.234 
299.366 
299.414 
299.398 
299.371 
299.386 
299.468 
299.535 
299.562 
299.588 
299.506 
299.366 
299.283 
298.939 
298.526 
298.246 
297.974 
297.767 
297.599 
297.378 
297.179 
297.029 
297.024 
297.134 
297.127 
296.941 
296.945 
297.278 
297.458 
297.447 
297.472 
297.5 
297.555 
297.607 
297.642 
297.651 
297.632 
297.591 
297.544 
297.513 
297.513 
297.549 
297.597 
297.603 
297.557 
297.474 
297.391 
297.337 
297.288 
297.252 
297.31 
297.487 
297.682 
297.803 
297.859 
297.885 
297.901 
297.887 
297.846 
297.8 
297.763 
297.748 
298.649 
298.648 
298.624 
298.626 
298.652 
298.716 
298.834 
299.016 
299.211 
299.336 
299.371 
299.359 
299.418 
299.591 
299.64 
299.67 
299.76 
299.862 
299.919 
299.787 
299.495 
299.444 
299.594 
299.226 
298.751 
298.338 
298.072 
297.871 
297.618 
297.34 
297.111 
297.025 
297.12 
297.233 
297.139 
296.899 
297.012 
297.358 
297.398 
297.439 
297.56 
297.657 
297.713 
297.726 
297.715 
297.688 
297.639 
297.584 
297.552 
297.549 
297.568 
297.599 
297.621 
297.597 
297.516 
297.416 
297.334 
297.265 
297.22 
297.251 
297.365 
297.513 
297.657 
297.792 
297.871 
297.866 
297.833 
297.792 
297.76 
297.753 
297.776 
298.618 
298.616 
298.581 
298.615 
298.714 
298.832 
298.957 
299.114 
299.276 
299.325 
299.256 
299.138 
299.139 
299.395 
299.572 
299.628 
299.758 
300.003 
300.12 
300.044 
299.659 
299.486 
299.803 
300.062 
299.358 
298.822 
298.512 
298.166 
297.935 
297.621 
297.314 
297.095 
297.106 
297.229 
297.213 
297.045 
296.93 
297.166 
297.404 
297.48 
297.664 
297.777 
297.826 
297.818 
297.778 
297.736 
297.683 
297.636 
297.623 
297.625 
297.618 
297.611 
297.622 
297.624 
297.566 
297.47 
297.367 
297.274 
297.215 
297.207 
297.274 
297.387 
297.508 
297.643 
297.779 
297.811 
297.775 
297.76 
297.758 
297.777 
297.828 
298.528 
298.553 
298.543 
298.612 
298.713 
298.804 
298.889 
298.994 
299.109 
299.151 
299.116 
299.002 
298.967 
299.186 
299.373 
299.473 
299.609 
299.885 
300.07 
300.177 
299.81 
299.658 
300.032 
300.077 
299.883 
299.711 
299.185 
298.705 
298.495 
298.115 
297.684 
297.282 
297.113 
297.154 
297.204 
297.194 
297.069 
297.073 
297.415 
297.671 
297.772 
297.886 
297.913 
297.892 
297.836 
297.799 
297.766 
297.751 
297.761 
297.757 
297.723 
297.683 
297.662 
297.645 
297.586 
297.497 
297.41 
297.331 
297.251 
297.21 
297.262 
297.441 
297.555 
297.534 
297.603 
297.714 
297.732 
297.736 
297.781 
297.825 
297.88 
298.292 
298.407 
298.496 
298.626 
298.721 
298.796 
298.841 
298.866 
298.924 
298.966 
298.977 
298.904 
298.892 
299.116 
299.28 
299.362 
299.488 
299.709 
299.893 
300.071 
299.9 
299.77 
299.948 
299.769 
299.394 
299.399 
299.875 
299.683 
299.344 
298.868 
298.239 
297.583 
297.234 
297.193 
297.297 
297.362 
297.237 
297.135 
297.473 
297.863 
297.89 
297.936 
297.952 
297.932 
297.902 
297.893 
297.908 
297.931 
297.946 
297.933 
297.892 
297.841 
297.787 
297.724 
297.628 
297.511 
297.431 
297.377 
297.314 
297.253 
297.329 
297.621 
297.712 
297.524 
297.459 
297.6 
297.717 
297.734 
297.802 
297.869 
297.92 
298.067 
298.236 
298.385 
298.517 
298.617 
298.721 
298.804 
298.826 
298.886 
298.951 
298.969 
298.904 
298.9 
299.108 
299.236 
299.239 
299.32 
299.541 
299.736 
299.982 
299.881 
299.78 
299.849 
299.736 
300.856 
300.197 
299.551 
300.306 
300.005 
299.765 
299.034 
298.037 
297.395 
297.281 
297.398 
297.438 
297.383 
297.318 
297.495 
297.884 
298.037 
297.93 
297.962 
297.948 
297.985 
298.029 
298.079 
298.118 
298.133 
298.125 
298.103 
298.06 
297.991 
297.901 
297.784 
297.631 
297.485 
297.359 
297.251 
297.201 
297.333 
297.637 
298.812 
298.422 
298.126 
297.54 
297.738 
297.768 
297.81 
297.893 
297.965 
300.195 
298.182 
298.308 
298.383 
298.472 
298.592 
298.734 
298.793 
298.878 
298.992 
299.053 
299.009 
298.99 
299.163 
299.213 
299.113 
299.136 
299.322 
299.629 
299.999 
299.996 
300.005 
299.806 
299.63 
300.725 
300.94 
299.39 
300.064 
300.522 
300.556 
301.179 
298.639 
297.651 
297.367 
297.501 
297.542 
297.622 
297.692 
297.601 
297.814 
298.083 
297.97 
297.974 
298.008 
298.093 
298.184 
298.229 
298.256 
298.277 
298.285 
298.285 
298.262 
298.202 
298.111 
297.998 
297.843 
297.642 
297.433 
297.254 
297.176 
297.228 
297.356 
297.424 
297.381 
297.342 
297.498 
297.718 
297.786 
297.81 
297.919 
298.012 
297.971 
298.136 
298.252 
298.308 
298.4 
298.523 
300.943 
298.763 
298.843 
301.262 
301.259 
301.216 
300.819 
300.107 
300.058 
300.084 
301.204 
301.291 
301.471 
301.603 
301.61 
300.582 
300.818 
300.867 
301.147 
300.944 
300.73 
300.77 
301.411 
299.839 
300.301 
300.011 
298.168 
297.538 
297.652 
297.808 
297.949 
298.066 
297.925 
297.781 
297.983 
298.123 
298.049 
298.177 
298.26 
298.345 
298.352 
298.35 
298.377 
298.414 
298.441 
298.436 
298.384 
298.293 
298.169 
298.023 
297.842 
297.639 
297.444 
297.273 
297.182 
297.209 
297.301 
297.331 
297.294 
297.424 
297.714 
297.856 
297.857 
297.94 
298.028 
297.934 
298.052 
298.229 
298.337 
298.434 
298.544 
298.64 
298.744 
298.8 
298.872 
299.008 
298.984 
298.908 
301.266 
300.795 
300.168 
300.589 
300.947 
300.846 
301.184 
301.008 
300.567 
300.959 
300.766 
300.836 
300.757 
300.527 
300.126 
300.769 
300.551 
300.466 
300.335 
299.286 
297.748 
297.761 
298.011 
298.277 
298.489 
298.329 
298.009 
297.962 
298.188 
298.332 
298.422 
298.536 
298.543 
298.497 
298.444 
298.463 
298.532 
298.584 
298.589 
298.555 
298.482 
298.35 
298.189 
298.022 
297.834 
297.624 
297.394 
297.205 
297.156 
297.24 
297.292 
297.262 
297.382 
297.717 
297.945 
297.954 
297.959 
298.02 
297.936 
298.013 
298.273 
298.463 
298.539 
298.605 
298.664 
298.703 
298.736 
298.834 
298.986 
298.961 
298.803 
298.813 
301.243 
301.209 
301.249 
301.48 
301.768 
301.334 
301.149 
300.975 
300.923 
300.34 
300.52 
300.849 
300.24 
299.569 
300.069 
300.415 
300.691 
300.609 
300.329 
298.086 
298.06 
298.335 
298.7 
298.932 
298.872 
298.422 
298.178 
298.29 
298.621 
298.699 
298.762 
298.726 
298.642 
298.573 
298.585 
298.652 
298.704 
298.709 
298.685 
298.631 
298.528 
298.378 
298.238 
298.077 
297.858 
297.58 
297.322 
297.172 
297.155 
297.829 
297.213 
297.434 
297.733 
297.99 
298.062 
297.994 
298.011 
298.049 
298.045 
298.338 
298.598 
298.657 
298.664 
298.665 
298.658 
298.667 
298.772 
298.937 
298.936 
298.715 
298.705 
298.671 
298.693 
298.879 
299.343 
299.674 
299.604 
300.678 
300.688 
300.292 
300.453 
300.455 
300.823 
300.897 
300.157 
299.925 
300.573 
301.039 
300.914 
300.853 
299.591 
299.861 
300.424 
300.504 
299.206 
299.314 
299.141 
298.71 
298.547 
298.733 
298.948 
298.978 
299.036 
298.993 
298.967 
298.965 
299.003 
299.073 
299.144 
299.097 
298.859 
298.666 
298.603 
298.437 
298.282 
298.083 
297.811 
297.458 
297.149 
296.985 
297.002 
297.227 
297.531 
297.788 
297.979 
298.101 
298.05 
298.011 
298.228 
298.144 
298.385 
298.668 
298.716 
298.694 
298.661 
298.618 
298.638 
298.781 
298.941 
298.935 
298.682 
298.605 
298.583 
298.672 
298.904 
299.368 
299.608 
299.201 
300.691 
300.706 
300.653 
300.365 
300.463 
300.508 
300.959 
300.832 
299.851 
299.395 
302.428 
301.972 
300.775 
300.128 
300.505 
301.095 
301.16 
301.157 
300.644 
300.62 
299.291 
299.054 
299.156 
299.398 
299.61 
299.706 
299.806 
299.907 
300.158 
300.606 
300.985 
300.966 
300.717 
300.265 
299.766 
299.411 
299.252 
298.715 
298.295 
298.126 
297.858 
297.339 
297.025 
297.041 
297.332 
297.638 
297.804 
297.937 
298.063 
298.095 
298.019 
298.423 
298.249 
298.39 
298.603 
298.635 
298.623 
298.603 
298.571 
298.641 
298.85 
298.99 
298.939 
298.685 
298.598 
298.513 
298.634 
298.906 
299.323 
300.612 
300.652 
300.716 
300.252 
300.175 
300.523 
300.552 
300.411 
300.637 
300.676 
299.85 
301.314 
302.501 
300.599 
299.581 
300.447 
300.798 
301.503 
301.766 
301.54 
301.386 
301.858 
301.881 
302.044 
301.041 
301.653 
302.576 
302.945 
304.447 
304.721 
305.229 
305.611 
305.67 
305.61 
305.258 
304.07 
301.008 
301.913 
302.14 
300.889 
299.175 
298.13 
298.038 
297.557 
297.184 
297.148 
297.32 
297.549 
297.799 
297.912 
297.991 
298.079 
298.042 
298.521 
298.31 
298.342 
298.432 
298.462 
298.487 
298.513 
298.531 
298.67 
298.941 
299.039 
298.965 
298.687 
298.601 
298.508 
298.649 
300.612 
301.684 
301.394 
300.282 
300.245 
300.139 
300.065 
300.021 
300.035 
300.271 
300.418 
300.588 
300.142 
299.924 
301.119 
301.509 
300.334 
299.979 
300.987 
300.281 
300.17 
299.788 
301.345 
301.467 
302.261 
302.697 
303.009 
303.369 
303.672 
304.356 
305.275 
305.788 
306.191 
306.044 
305.607 
305.329 
304.867 
302.299 
301.424 
302.603 
301.31 
301.187 
300.791 
299.107 
298.017 
298.006 
297.62 
297.484 
297.3 
297.386 
297.834 
297.978 
298.034 
298.084 
298.109 
298.513 
298.336 
298.287 
298.283 
298.333 
298.386 
298.449 
298.534 
298.718 
298.995 
299.072 
299.011 
298.679 
298.567 
298.475 
300.805 
301.5 
299.5 
299.253 
299.786 
300.336 
300.443 
300.613 
300.169 
299.872 
300.064 
300.576 
300.509 
300.413 
300.597 
301.479 
301.641 
300.259 
300.305 
300.291 
300.088 
301.324 
301.409 
302.364 
302.713 
300.618 
301.038 
301.463 
301.824 
301.769 
303.755 
304.724 
304.644 
305.129 
304.787 
303.81 
303.562 
302.917 
302.05 
301.767 
301.291 
301.208 
301.552 
302.082 
300.458 
298.211 
298.688 
298.823 
298.507 
297.551 
297.438 
297.982 
298.129 
298.225 
298.334 
298.433 
298.473 
298.392 
298.292 
298.208 
298.281 
298.36 
298.447 
298.587 
298.767 
299.032 
301.743 
301.751 
300.373 
301.079 
301.024 
301.304 
301.254 
301.144 
300.01 
299.63 
300.433 
300.515 
299.982 
299.688 
300.022 
300.196 
300.26 
300.313 
301.16 
301.188 
302.028 
302.209 
301.47 
300.801 
300.397 
300.376 
300.951 
301.415 
301.575 
302.581 
303.791 
303.251 
303.027 
303.16 
302.052 
302.286 
302.677 
303.631 
306.091 
306.086 
303.505 
302.384 
301.944 
301.31 
301.392 
300.842 
300.108 
300.686 
301.876 
301.385 
300.176 
301.496 
301.981 
301.326 
299.111 
297.44 
298.164 
298.317 
298.43 
298.614 
298.798 
298.503 
298.543 
298.385 
298.198 
298.25 
298.366 
298.482 
298.652 
300.674 
301.547 
301.301 
301.328 
300.346 
299.776 
299.811 
300.969 
301.075 
300.961 
299.906 
300.061 
300.294 
300.461 
299.719 
300.058 
299.694 
299.135 
299.752 
300.57 
300.52 
300.006 
300.655 
301.454 
301.548 
301.785 
301.607 
301.025 
300.733 
301.011 
301.45 
302.632 
304.334 
303.521 
302.827 
303.116 
303.513 
303.864 
304.145 
305.056 
304.182 
305.722 
303.046 
301.386 
300.145 
300.137 
300.544 
300.66 
300.084 
300.318 
301.33 
302.013 
302.617 
301.977 
301.616 
301.035 
300.272 
298.62 
298.11 
298.598 
298.709 
298.862 
299.042 
298.631 
298.704 
298.548 
298.289 
298.238 
298.358 
298.519 
300.38 
300.061 
301.189 
300.993 
300.984 
299.914 
299.922 
299.76 
299.615 
299.396 
299.189 
299.616 
300.483 
301.49 
301.193 
299.585 
300.13 
300.255 
299.947 
299.821 
300.345 
299.779 
299.141 
299.236 
300.042 
300.771 
302.437 
301.562 
300.485 
299.693 
299.692 
300.343 
301.355 
303.345 
303.578 
303.548 
303.474 
303.772 
302.531 
302.679 
304.589 
305.387 
305.665 
302.849 
300.913 
299.228 
299.168 
299.701 
300.249 
300.905 
300.73 
300.552 
300.995 
301.274 
301.927 
302.153 
302.579 
301.044 
299.699 
299.59 
299.206 
300.002 
299.424 
299.89 
298.71 
298.788 
298.734 
298.493 
298.302 
298.331 
298.555 
300.046 
299.792 
299.61 
299.488 
299.473 
301.093 
299.915 
299.652 
299.388 
300.825 
299.301 
299.646 
300.21 
301.583 
301.527 
299.419 
301.134 
301.465 
300.246 
299.97 
300.01 
299.583 
298.619 
298.565 
299.213 
300.161 
301.184 
300.14 
299.658 
299.495 
299.564 
299.964 
301.02 
301.652 
302.412 
304.701 
304.769 
304.747 
304.796 
304.828 
305.046 
305.683 
304.573 
303.271 
301.284 
299.483 
298.768 
299.101 
300.259 
301.874 
302.508 
301.608 
300.702 
300.477 
301.316 
301.888 
303.241 
301.638 
300.589 
299.375 
299.127 
299.283 
299.818 
300.725 
298.793 
298.867 
298.888 
298.693 
298.408 
298.311 
299.873 
299.95 
299.716 
299.557 
299.251 
299.497 
299.777 
299.727 
299.519 
299.422 
300.41 
299.558 
299.054 
299.254 
298.988 
301.097 
299.716 
300.742 
301.274 
300.402 
300.312 
300.029 
299.431 
299.327 
299.228 
298.988 
299.214 
299.354 
298.957 
299.391 
300.378 
301.138 
301.258 
301.592 
302.038 
302.991 
304.716 
304.715 
304.975 
305.426 
305.591 
305.676 
306.031 
306.217 
303.808 
302.17 
300.857 
299.738 
299.389 
300.849 
302.363 
302.905 
303.338 
302.279 
301.536 
301.741 
302.41 
302.082 
301.835 
301.036 
298.286 
299.681 
299.048 
299.971 
301.03 
298.996 
299.001 
298.942 
298.697 
299.583 
299.575 
299.471 
299.626 
301.124 
301.009 
300.628 
300.655 
300.977 
300.942 
300.865 
300.874 
299.171 
299.384 
300.526 
299.021 
298.666 
299.017 
299.559 
300.724 
300.985 
301.634 
300.661 
300.966 
300.786 
300.46 
300.058 
299.372 
299.085 
298.397 
298.322 
299.187 
300.86 
302.181 
302.839 
302.169 
303.854 
302.948 
303.94 
303.866 
303.883 
304.903 
305.835 
306.109 
305.967 
305.535 
303.317 
302.68 
302.074 
301.347 
301.049 
301.82 
302.713 
305.244 
305.694 
303.201 
303.534 
302.618 
302.619 
303.412 
302.197 
301.527 
299.998 
298.292 
300.413 
299.675 
301.812 
299.003 
298.873 
299.335 
299.11 
298.943 
299.278 
299.544 
300.765 
300.562 
300.544 
299.091 
298.984 
300.577 
300.831 
300.797 
300.726 
300.459 
300.401 
300.379 
300.291 
299.038 
300.308 
299.112 
299.14 
300.958 
301.552 
302.203 
301.68 
301.666 
301.399 
300.704 
300.09 
300.142 
298.926 
298.095 
298.744 
300.514 
302.137 
303.152 
303.132 
304.213 
304.331 
303.66 
303.768 
302.978 
304.172 
305.442 
305.799 
305.348 
303.181 
302.619 
302.505 
302.858 
303.187 
302.525 
302.793 
305.113 
305.448 
305.805 
305.762 
305.54 
305.118 
304.533 
303.724 
302.92 
302.191 
298.704 
298.368 
298.813 
299.392 
302.283 
299.385 
298.871 
298.521 
298.765 
298.849 
299.051 
299.068 
299.291 
299.01 
300.034 
300.216 
300.089 
300.267 
300.698 
300.678 
300.501 
299.888 
300.302 
300.56 
300.364 
300.303 
299.225 
298.733 
300.82 
301.247 
301.554 
302.042 
302.493 
302.284 
301.2 
300.618 
299.791 
300.552 
300.447 
299.057 
298.971 
300.108 
301.509 
302.345 
303.021 
303.012 
304.15 
303.633 
303.806 
303.662 
303.581 
304.702 
305.352 
303.184 
302.207 
302.457 
302.949 
303.592 
303.667 
303.64 
305.419 
305.354 
305.461 
305.677 
305.694 
305.555 
305.175 
304.573 
304.025 
303.572 
302.818 
299.008 
298.441 
298.816 
299.193 
300.039 
300.285 
299.433 
298.944 
298.92 
299.27 
299.103 
298.898 
298.939 
298.987 
298.732 
299.501 
299.421 
299.764 
300.307 
300.334 
300.341 
297.854 
299.752 
300.085 
299.905 
300.027 
300.461 
300.661 
300.874 
301.263 
301.606 
302.021 
302.103 
300.384 
300.183 
300.244 
300.32 
301.166 
301.841 
301.469 
300.825 
301.694 
302.194 
302.514 
302.616 
302.483 
303.553 
303.246 
303.486 
303.535 
303.809 
304.09 
305.381 
305.078 
302.569 
303.371 
305.706 
305.968 
305.958 
305.93 
305.907 
305.75 
305.664 
305.613 
305.476 
305.317 
304.97 
304.498 
304.151 
303.801 
302.96 
301.32 
300.612 
298.834 
299.048 
299.549 
300.598 
300.04 
300.027 
300.498 
300.522 
299.849 
299.138 
299.294 
300.397 
299.748 
299.136 
299.058 
298.005 
299.839 
299.832 
300.096 
298.6 
298.684 
298.537 
298.049 
299.645 
300.305 
300.605 
300.789 
301.234 
301.641 
301.931 
301.873 
300.342 
300.05 
300.065 
300.766 
301.285 
301.938 
302.242 
302.291 
302.73 
302.678 
302.627 
302.861 
302.842 
302.634 
302.382 
302.366 
302.433 
303.844 
304.727 
305.541 
305.784 
305.446 
305.732 
306.099 
306.195 
306.101 
306.043 
306.011 
305.96 
305.912 
305.736 
305.47 
305.242 
304.954 
304.548 
304.143 
303.741 
303.061 
302.012 
299.016 
298.926 
300 
301.078 
301.159 
300.827 
301.366 
301.38 
300.8 
300.619 
299.203 
298.788 
299.853 
299.351 
298.748 
297.742 
299.312 
298.375 
298.34 
298.704 
298.588 
298.791 
299.723 
297.911 
299.399 
300.292 
300.824 
301.377 
301.852 
302.009 
300.277 
301.6 
301.607 
300.039 
300.031 
300.189 
302.626 
303.159 
303.585 
303.843 
304.051 
304.195 
304.478 
303.424 
304.656 
303.246 
304.307 
304.411 
303.381 
303.213 
305.282 
306.112 
306.102 
306.079 
306.085 
306.008 
306.056 
306.102 
306.086 
305.972 
305.888 
305.868 
305.757 
305.491 
305.217 
304.975 
304.199 
304.411 
304.057 
303.365 
299.814 
299.243 
299.038 
300.299 
301.06 
300.895 
301.026 
300.787 
301.445 
301.13 
300.723 
300.247 
299.786 
299.616 
299.179 
297.494 
297.718 
297.524 
299.738 
298.362 
298.674 
298.233 
299.723 
298.165 
297.975 
299.379 
300.429 
301.426 
302.296 
302.458 
301.93 
301.502 
301.289 
301.397 
301.669 
302.021 
302.289 
302.492 
302.681 
303.025 
303.368 
303.734 
303.99 
304.274 
304.577 
304.955 
305.185 
305.073 
305.273 
305.488 
305.443 
305.363 
305.818 
306.043 
306.049 
305.93 
305.952 
305.986 
306.008 
306.015 
305.88 
305.759 
305.704 
305.57 
305.376 
305.266 
305.06 
302.003 
301.848 
301.391 
300.57 
299.869 
299.467 
299.132 
298.948 
301.712 
300.372 
300.683 
302.802 
302.914 
302.309 
299.4 
297.971 
298.052 
298.147 
297.79 
297.656 
297.656 
297.365 
299.223 
299.457 
299.549 
298.014 
299.274 
299.262 
297.768 
299.74 
300.986 
300.965 
302.908 
302.369 
301.474 
300.901 
301.033 
301.537 
301.914 
302.109 
302.368 
302.435 
302.569 
302.852 
303.18 
303.587 
303.957 
304.249 
304.53 
305.031 
305.494 
304.214 
305.322 
305.284 
304.891 
304.575 
304.63 
305.723 
305.64 
305.679 
305.758 
305.81 
305.749 
305.726 
305.681 
305.621 
305.567 
305.46 
305.386 
305.321 
304.884 
301.791 
301.723 
301.071 
300.302 
299.866 
299.58 
299.092 
299.165 
302.567 
302.575 
302.659 
302.506 
302.406 
301.38 
298.792 
298.433 
298.31 
298.533 
297.993 
297.491 
297.322 
297.341 
297.789 
297.799 
299.133 
298.966 
298.924 
299.025 
297.761 
300.904 
302.835 
302.032 
301.661 
302.339 
301.021 
300.741 
301.906 
302.723 
302.506 
302.332 
302.429 
302.482 
302.604 
302.926 
303.37 
303.824 
304.23 
304.437 
304.724 
305.251 
305.297 
305.19 
305.049 
303.34 
304.6 
304.311 
303.986 
304.491 
305.341 
305.642 
305.676 
305.586 
305.454 
305.431 
305.48 
305.501 
305.49 
305.472 
305.469 
305.323 
304.912 
304.398 
301.532 
300.746 
300.126 
299.849 
299.54 
299.119 
301.589 
300.897 
300.286 
302.387 
302.233 
301.919 
300.879 
300.429 
298.279 
298.452 
299.194 
298.505 
297.734 
298.358 
297.477 
297.836 
298.092 
297.859 
297.282 
298.601 
298.89 
298.333 
301.891 
301.447 
300.958 
303.391 
302.05 
300.454 
301.057 
303.112 
303.359 
301.724 
302.478 
302.959 
303.27 
303.302 
303.446 
303.819 
304.28 
304.565 
304.848 
305.115 
305.179 
303.453 
305.061 
304.919 
304.978 
304.712 
304.513 
304.287 
304.308 
304.74 
305.175 
305.883 
305.748 
305.429 
305.359 
305.406 
305.478 
305.498 
305.558 
305.591 
305.37 
304.253 
301.765 
301.32 
300.558 
300.024 
299.749 
299.401 
299.292 
300.17 
300.944 
299.92 
300.163 
302.352 
300.271 
299.154 
298.612 
298.8 
299.08 
299.092 
298.573 
297.935 
297.532 
297.666 
297.827 
297.994 
299.109 
298.899 
297.075 
297.392 
298.623 
301.162 
299.276 
300.447 
299.424 
298.958 
298.16 
299.006 
303.759 
303.53 
301.537 
301.089 
300.488 
302.705 
303.231 
303.57 
304.021 
304.484 
304.919 
305.305 
305.198 
303.714 
303.505 
304.995 
304.806 
304.941 
304.843 
304.677 
304.455 
304.354 
304.421 
304.878 
305.559 
305.768 
305.662 
305.64 
305.561 
305.545 
305.612 
305.604 
305.375 
304.153 
301.798 
301.364 
300.872 
300.415 
299.967 
299.612 
299.318 
299.577 
300.32 
300.86 
300.604 
301.023 
300.207 
299.942 
299.351 
299.138 
299.434 
299.413 
299.3 
298.785 
298.036 
297.78 
297.77 
297.865 
298.058 
297.768 
297.358 
297.358 
297.54 
297.957 
300.068 
298.856 
298.977 
299.061 
297.718 
297.586 
299.749 
301.984 
301.602 
301.651 
301.795 
302.067 
302.01 
303.548 
302.564 
302.813 
303.028 
303.666 
303.657 
303.765 
305.234 
305.065 
304.881 
303.3 
304.795 
304.888 
304.929 
304.768 
304.627 
304.579 
304.58 
304.8 
305.177 
305.432 
305.563 
305.632 
305.607 
305.519 
304.625 
303.973 
303.89 
301.461 
300.968 
300.507 
300.214 
299.876 
299.547 
299.373 
299.871 
300.329 
300.703 
301.441 
300.885 
299.893 
299.18 
299.496 
299.194 
299.739 
299.719 
299.526 
298.933 
298.001 
297.607 
297.581 
298.123 
298.383 
298.04 
297.277 
297.452 
297.2 
297.589 
299.436 
299.329 
298.971 
297.51 
297.32 
297.628 
299.411 
300.483 
300.668 
300.144 
300.598 
300.873 
300.941 
301.38 
302.434 
303.33 
303.533 
303.739 
303.921 
305.551 
305.35 
305.103 
304.9 
304.761 
304.611 
304.67 
304.836 
304.874 
304.946 
304.894 
304.907 
304.897 
304.851 
304.894 
305.174 
305.27 
304.257 
304.522 
304.95 
303.131 
301.311 
300.874 
300.182 
299.932 
300.983 
300.714 
299.5 
299.67 
300.046 
300.347 
300.61 
301.422 
300.903 
300.301 
299.759 
299.733 
299.421 
299.991 
299.996 
299.714 
299.186 
298.31 
297.542 
297.208 
298.018 
298.846 
297.763 
297.342 
296.953 
296.941 
296.989 
298.704 
299.345 
298.115 
297.817 
297.661 
297.805 
299.085 
300.01 
299.823 
299.621 
299.291 
299.176 
299.159 
300.076 
301.33 
302.489 
303.548 
304.044 
304.156 
305.713 
305.329 
305.013 
304.854 
304.718 
304.574 
304.539 
304.681 
304.904 
305.098 
305.166 
305.123 
305.045 
305.012 
304.897 
304.993 
305.021 
304.927 
304.896 
304.658 
304.047 
302.914 
302.043 
301.354 
302.3 
302.019 
301.797 
301.404 
299.975 
300.205 
300.415 
300.632 
301.885 
301.865 
300.892 
300.101 
300.962 
300.519 
300.7 
300.379 
300.047 
299.579 
298.795 
297.874 
297.179 
298.28 
298.522 
297.938 
297.551 
297.144 
298.058 
296.649 
296.974 
298.832 
299.085 
297.729 
297.673 
297.869 
298.655 
299.478 
299.437 
299.312 
298.777 
298.015 
298.206 
299.087 
299.963 
300.782 
302.286 
305.272 
305.97 
305.834 
305.179 
304.599 
304.422 
304.539 
304.517 
304.45 
304.626 
304.963 
305.161 
305.214 
305.176 
305.108 
305.086 
305.074 
304.976 
304.842 
304.503 
304.286 
304.113 
303.942 
303.698 
303.798 
303.772 
302.928 
302.14 
301.874 
299.849 
300.134 
300.384 
300.544 
300.686 
301.985 
302.089 
300.621 
300.348 
301.74 
301.438 
301.799 
300.827 
300.012 
299.632 
299.006 
298.047 
297.573 
297.164 
297.175 
298.642 
297.541 
297.741 
296.553 
296.77 
296.729 
297.972 
298.351 
297.496 
297.712 
297.934 
298.376 
298.853 
299.705 
299.567 
299.299 
297.849 
298.161 
298.855 
299.398 
299.87 
301.576 
303.291 
305.803 
305.937 
304.957 
304.129 
303.898 
304.128 
304.245 
304.263 
304.465 
304.839 
305.116 
305.166 
305.097 
305.092 
305.051 
305.105 
304.776 
303.068 
304.343 
304.139 
303.859 
303.749 
303.716 
303.94 
304.212 
303.828 
302.571 
301.761 
299.823 
300.228 
300.464 
300.62 
300.724 
301.8 
301.371 
300.467 
300.239 
300.757 
300.841 
301.263 
300.514 
299.965 
299.59 
299.064 
298.054 
297.359 
297.336 
297.194 
298.179 
298.176 
296.607 
296.336 
296.596 
296.576 
296.569 
297.008 
297.349 
297.524 
297.831 
298.257 
298.541 
298.316 
299.13 
299.638 
299.378 
298.64 
299.64 
300.24 
300.71 
301.586 
303.215 
305.635 
305.723 
304.441 
303.493 
303.434 
303.823 
303.985 
304.027 
304.266 
304.599 
304.882 
305.055 
304.987 
304.945 
304.959 
305.002 
303.653 
303.279 
303.914 
303.751 
302.974 
303.724 
303.811 
303.854 
303.728 
303.671 
303.055 
301.87 
301.247 
300.133 
300.402 
300.542 
300.655 
300.376 
300.451 
299.749 
299.356 
299.239 
299.576 
299.822 
300.448 
300.312 
299.643 
298.931 
297.963 
297.071 
298.125 
298.184 
298.04 
296.675 
296.787 
296.614 
296.842 
296.656 
296.637 
297.217 
297.382 
298.556 
297.908 
298.046 
298.125 
298.267 
297.927 
299.365 
300.903 
300.344 
300.895 
301.447 
301.785 
301.997 
304.39 
305.318 
304.864 
303.463 
302.757 
303.028 
303.573 
303.814 
303.929 
304.172 
304.438 
304.626 
304.813 
304.812 
304.793 
304.878 
305.02 
305.108 
302.008 
301.441 
301.142 
301.281 
303.494 
303.876 
303.473 
301.111 
300.936 
302.839 
302.572 
301.955 
300.854 
300.244 
300.437 
300.558 
298.874 
298.371 
297.727 
297.957 
298.307 
299.076 
299.408 
300.117 
300.64 
300.131 
299.014 
297.732 
297.135 
297.046 
297 
296.911 
298.034 
296.87 
296.754 
296.373 
296.406 
296.713 
296.61 
296.957 
297.249 
297.35 
298.575 
299.125 
299.581 
298.317 
298.096 
298.68 
300.391 
300.951 
300.541 
300.481 
302.302 
303.22 
303.524 
302.838 
302.17 
302.205 
302.801 
303.359 
303.692 
303.965 
304.249 
304.426 
304.538 
304.691 
304.695 
304.685 
304.806 
305.013 
303.864 
302.082 
301.778 
301.181 
301.099 
301.127 
300.979 
300.9 
300.913 
300.82 
300.88 
302.996 
302.072 
301.771 
300.242 
300.363 
300.448 
299.312 
298.253 
297.269 
297.355 
298.242 
299.197 
299.477 
299.944 
300.361 
299.833 
298.919 
298.027 
297.484 
296.966 
296.901 
296.984 
296.888 
296.673 
296.739 
296.518 
296.534 
296.799 
296.832 
296.812 
297.002 
297.25 
297.037 
297.054 
297.614 
299.209 
299.579 
299.997 
298.911 
299.173 
298.953 
300.545 
299.394 
299.406 
301.067 
301.279 
301.652 
302.107 
302.661 
303.078 
303.568 
303.979 
304.308 
304.501 
304.582 
304.671 
304.715 
304.7 
304.793 
304.934 
304.002 
303.679 
301.734 
301.201 
300.871 
300.883 
300.812 
300.622 
300.47 
300.616 
300.745 
300.803 
300.387 
300.152 
300.281 
300.377 
300.389 
298.611 
297.968 
297.119 
297.597 
297.508 
298.31 
298.738 
299.215 
299.675 
299.304 
298.904 
298.314 
297.453 
296.656 
296.359 
296.439 
296.873 
296.968 
296.901 
296.883 
296.573 
296.611 
296.668 
296.869 
297.033 
297.029 
297.273 
296.919 
298.205 
298.924 
299.586 
300.12 
300.431 
300.597 
300.72 
300.903 
301.072 
301.262 
301.607 
301.851 
302.088 
302.204 
302.504 
301.161 
303.274 
303.795 
304.151 
304.278 
304.247 
304.345 
304.61 
304.771 
304.927 
304.974 
305.034 
304.467 
302.729 
302.686 
300.595 
300.689 
300.859 
300.871 
300.69 
300.386 
300.368 
300.631 
300.404 
300.044 
300.12 
300.323 
300.375 
297.919 
297.367 
297.384 
297.861 
297.915 
298.285 
298.245 
299.062 
298.808 
300.107 
298.548 
298.201 
297.551 
296.721 
296.258 
296.441 
296.65 
296.822 
296.924 
297.084 
296.929 
296.754 
296.511 
296.937 
297.077 
297.094 
297.013 
297.102 
297.243 
297.427 
298.702 
298.109 
299.628 
300.069 
300.47 
300.761 
301.039 
301.268 
301.54 
301.689 
301.888 
302.098 
302.467 
301.605 
301.468 
303.601 
303.855 
301.907 
303.553 
303.957 
304.457 
304.735 
304.933 
304.928 
304.715 
304.27 
302.843 
302.198 
302.322 
300.633 
300.721 
300.888 
301.157 
301.141 
300.724 
300.6 
300.482 
300.22 
300.066 
300.207 
300.342 
297.373 
297.113 
296.81 
297.074 
297.267 
297.8 
298.25 
298.637 
298.461 
299.298 
299.115 
297.464 
297.337 
296.626 
296.419 
296.702 
296.676 
296.729 
296.948 
297.267 
296.951 
296.682 
296.663 
296.841 
297.119 
297.033 
297.008 
297.325 
297.34 
298.241 
298.71 
299.19 
299.634 
300.103 
300.557 
300.848 
301.132 
301.416 
301.637 
301.859 
302.088 
302.345 
302.825 
303.389 
303.778 
302.27 
301.757 
303.298 
301.772 
303.782 
304.238 
304.467 
304.693 
303.138 
303.325 
302.609 
304.044 
302.299 
301.868 
302.118 
300.594 
300.725 
301.074 
301.486 
301.391 
301.038 
300.724 
300.554 
300.35 
300.204 
300.313 
297.159 
296.708 
296.579 
296.565 
297.214 
297.869 
298.4 
298.587 
298.284 
297.723 
296.863 
297.818 
296.674 
296.458 
296.576 
296.823 
297.006 
296.806 
296.729 
296.946 
296.896 
297.014 
297.046 
297.037 
297.134 
297.264 
297.267 
297.523 
297.49 
298.586 
299.184 
299.604 
299.989 
300.429 
300.846 
301.168 
301.414 
301.629 
301.798 
302.001 
302.173 
302.512 
303.118 
303.628 
303.813 
301.99 
301.64 
303.256 
303.433 
303.616 
303.935 
304.068 
304.387 
303.31 
303.247 
303.195 
303.157 
302.355 
302.818 
302.309 
302.193 
300.971 
301.335 
301.518 
301.472 
301.299 
301.056 
300.833 
300.718 
300.522 
300.336 
296.636 
296.78 
296.767 
296.576 
296.811 
297.32 
297.677 
298.036 
297.852 
296.895 
296.478 
296.328 
296.39 
296.473 
296.782 
296.896 
296.925 
296.874 
296.754 
296.679 
296.831 
296.883 
297.102 
297.444 
297.293 
298.239 
298.117 
297.762 
298.759 
299.243 
299.304 
297.975 
298.026 
300.012 
300.429 
300.792 
301.18 
301.626 
300.552 
300.76 
301.944 
302.256 
302.711 
301.57 
302.843 
302.955 
303.172 
303.276 
303.24 
303.268 
303.476 
303.791 
304.126 
302.748 
303.073 
303.102 
302.711 
302.702 
302.915 
302.89 
302.195 
302.626 
301.662 
301.563 
301.47 
301.37 
301.257 
301.049 
300.903 
300.803 
300.415 
296.159 
296.31 
296.521 
296.108 
296.349 
296.598 
296.67 
296.892 
296.925 
296.632 
296.653 
296.75 
296.89 
296.79 
296.743 
296.955 
296.906 
296.873 
296.746 
296.591 
296.73 
296.87 
297.121 
297.938 
297.908 
298.33 
297.765 
297.474 
298.862 
299.355 
299.308 
297.394 
297.974 
300.163 
299.228 
300.431 
300.739 
301.006 
301.292 
300.072 
299.726 
299.735 
300.315 
301.806 
302.007 
302.429 
300.924 
300.685 
300.781 
302.677 
303.069 
303.646 
302.666 
302.746 
303.903 
304.425 
304.783 
304.774 
303.467 
303.355 
302.478 
302.822 
302.539 
302.689 
302.783 
303.013 
301.43 
301.21 
300.9 
300.777 
300.564 
296.304 
296.364 
296.203 
295.997 
296.024 
296.211 
296.246 
296.163 
297.556 
296.835 
296.973 
297.089 
297.258 
297.09 
296.888 
297.086 
297.108 
296.95 
296.729 
296.595 
296.769 
296.783 
296.965 
297.243 
297.171 
297.953 
298.308 
298.736 
299.136 
299.587 
298.333 
297.881 
298.145 
298.526 
298.842 
299.831 
300.068 
298.817 
300.266 
299.545 
299.064 
298.857 
299.72 
299.564 
301.263 
301.883 
300.483 
302.462 
300.935 
302.456 
302.697 
303.16 
303.596 
303.805 
303.994 
304.309 
304.562 
304.452 
304.386 
303.163 
302.562 
302.828 
302.414 
302.389 
302.206 
302.398 
302.394 
302.247 
300.986 
301.457 
301.42 
296.415 
296.417 
296.328 
296.231 
296.173 
296.353 
296.461 
296.157 
296.095 
296.464 
296.797 
297.013 
297.416 
297.702 
297.472 
297.312 
297.105 
296.973 
296.746 
296.78 
296.997 
297.018 
297.101 
297.165 
297.888 
298.331 
297.216 
298.623 
297.61 
297.858 
298.069 
297.671 
297.875 
298.163 
299.724 
299.903 
298.893 
298.8 
300.028 
299.023 
299.021 
298.835 
298.926 
299.075 
299.585 
299.773 
300.099 
300.07 
301.893 
302.036 
300.588 
302.396 
302.893 
303.104 
303.381 
303.771 
304.249 
302.94 
303.209 
302.719 
302.814 
303.009 
302.82 
302.716 
302.512 
302.616 
302.068 
303.733 
304.01 
302.096 
302.192 
296.51 
296.38 
296.326 
296.258 
296.324 
296.44 
296.711 
296.436 
296.13 
296.108 
296.408 
296.831 
297.532 
298.047 
297.814 
297.527 
297.093 
296.769 
296.767 
296.941 
297.197 
297.203 
297.262 
297.376 
297.14 
296.974 
297.274 
297.353 
297.345 
297.41 
297.241 
297.278 
297.58 
297.874 
299.424 
299.114 
298.908 
298.839 
299.867 
298.78 
298.856 
299.001 
298.943 
299.217 
299.427 
299.466 
299.994 
300.163 
299.875 
299.851 
300.3 
300.746 
300.943 
302.561 
301.651 
302.123 
304.015 
304.612 
303.315 
303.468 
303.458 
303.413 
303.131 
302.862 
302.764 
303.143 
302.666 
302.313 
302.372 
302.611 
302.647 
296.498 
296.325 
296.36 
296.32 
296.389 
296.586 
296.697 
296.569 
296.381 
296.088 
295.881 
296.416 
297.412 
298.004 
297.482 
297.043 
296.799 
296.675 
296.815 
296.976 
298.096 
298.467 
297.54 
297.52 
296.959 
296.712 
297.064 
297.203 
297.277 
296.872 
296.84 
297.103 
297.492 
297.614 
297.925 
298.314 
298.63 
299.541 
298.493 
298.637 
298.633 
298.68 
298.768 
299.063 
299.273 
299.522 
299.851 
301.612 
299.921 
301.916 
300.222 
300.576 
302.484 
302.924 
303.404 
303.962 
304.477 
304.888 
305.313 
304.059 
303.928 
303.242 
303.068 
302.697 
302.974 
303.126 
302.706 
302.514 
302.365 
303.015 
303.121 
296.726 
296.507 
296.392 
296.347 
296.452 
296.57 
296.769 
296.552 
296.527 
296.41 
295.805 
296.114 
297.066 
297.617 
296.81 
296.464 
296.754 
296.924 
296.993 
297.192 
297.315 
297.346 
297.41 
297.522 
297.242 
296.719 
296.865 
297.195 
297.266 
297.044 
297.034 
297.382 
297.712 
297.531 
297.769 
298.257 
298.576 
298.654 
298.469 
298.619 
298.484 
298.516 
298.816 
298.701 
299.137 
300.682 
299.87 
299.704 
299.882 
299.92 
300.267 
300.375 
300.478 
302.922 
303.586 
303.917 
304.225 
304.544 
304.935 
303.827 
303.704 
303.47 
303.368 
303.427 
303.292 
303.034 
303.042 
302.833 
302.553 
302.457 
303.026 
297.306 
297.3 
297.126 
296.991 
296.831 
296.695 
296.596 
296.54 
296.583 
296.486 
296.35 
296.322 
296.73 
296.682 
296.583 
296.827 
297.046 
297.243 
297.296 
297.531 
297.823 
297.775 
297.626 
298.003 
297.788 
297.116 
296.517 
296.751 
297.337 
296.601 
296.9 
297.193 
297.195 
297.006 
297.102 
297.998 
298.306 
298.555 
298.215 
298.56 
298.497 
298.762 
299.174 
298.741 
299.106 
299.26 
299.279 
299.444 
299.766 
299.954 
300.206 
300.078 
302.435 
303.353 
303.814 
304.044 
303.017 
302.776 
302.822 
303.03 
303.384 
303.469 
303.549 
303.484 
303.611 
303.286 
303.113 
304.297 
302.859 
303.032 
303.18 
298.435 
299.071 
299.09 
298.037 
297.187 
296.929 
296.74 
296.486 
296.522 
296.663 
296.711 
296.711 
296.728 
296.76 
296.809 
297.338 
297.514 
297.516 
297.963 
299.042 
299.066 
298.837 
298.311 
298.387 
298.306 
297.812 
297.188 
296.69 
296.917 
296.578 
296.676 
296.967 
297.426 
297.852 
298.371 
299.304 
299.842 
299.763 
299.295 
298.855 
298.745 
299.003 
299.171 
298.913 
299.179 
299.063 
299.191 
299.614 
299.705 
300.112 
299.767 
300.085 
301.148 
301.71 
303.889 
302.387 
302.871 
304.634 
304.653 
304.938 
303.695 
303.831 
303.865 
303.629 
303.384 
303.417 
303.029 
302.733 
302.649 
302.563 
303.16 
298.26 
299.474 
299.893 
299.849 
297.837 
297.005 
296.55 
296.362 
296.676 
296.897 
296.774 
296.864 
296.931 
296.795 
297.58 
297.794 
297.019 
297.639 
298.811 
299.927 
300.31 
300.725 
300.138 
299.262 
298.753 
298.112 
297.327 
296.444 
296.203 
296.936 
297.732 
298.694 
299.925 
300.821 
301.62 
303.005 
302.808 
302.766 
301.962 
301.013 
299.926 
299.718 
299.229 
298.918 
299.272 
299.026 
299.261 
299.324 
299.458 
300.022 
299.91 
300.3 
303.041 
303.756 
304.139 
304.761 
305.596 
305.831 
305.63 
305.694 
305.96 
305.603 
303.877 
303.196 
303.167 
302.79 
302.904 
303.198 
302.617 
302.25 
302.909 
297.715 
299.098 
299.105 
299.671 
298.687 
297.226 
296.987 
296.921 
296.846 
297.096 
297.145 
296.92 
296.875 
296.915 
297.009 
296.178 
295.795 
296.616 
298.756 
299.441 
300.269 
300.236 
300.38 
300.186 
299.111 
297.87 
298.1 
298.482 
297.803 
298.892 
301.099 
300.892 
300.182 
300.033 
301.45 
302.237 
303.036 
302.429 
302.525 
302.383 
302.394 
301.541 
300.02 
299.11 
299.248 
298.945 
299.229 
299.709 
299.842 
300.119 
300.086 
300.749 
301.909 
302.336 
303.985 
304.614 
305.403 
305.807 
305.996 
305.865 
305.947 
305.618 
305.049 
303.32 
303.012 
302.612 
302.978 
302.928 
302.979 
302.43 
302.473 
297.299 
298.305 
298.729 
299.063 
298.116 
297.695 
297.235 
297.161 
297.23 
297.081 
296.83 
296.623 
296.761 
297.266 
297.368 
296.829 
295.921 
296.479 
297.566 
298.321 
299.533 
299.995 
300.376 
300.478 
299.248 
298.968 
300.372 
300.214 
300.983 
301.607 
301.188 
300.203 
299.126 
298.27 
298.588 
300.65 
302.217 
302.984 
302.855 
302.657 
302.534 
302.6 
301.709 
299.725 
299.028 
298.793 
299.409 
299.698 
299.987 
300.127 
300.394 
301.475 
302.424 
302.829 
302.723 
302.682 
302.936 
303.492 
305.65 
304.443 
305.653 
305.527 
304.963 
303.176 
303.166 
303.283 
303.017 
303.078 
302.973 
302.963 
302.51 
297.479 
297.527 
297.771 
298.274 
298.327 
297.979 
297.593 
297.967 
298.137 
297.414 
296.683 
296.298 
296.596 
297.013 
297.054 
296.768 
296.836 
296.564 
297.177 
297.615 
297.962 
299.178 
299.89 
300.934 
299.964 
300.712 
299.538 
298.437 
298.904 
300.378 
300.266 
299.168 
298.289 
297.26 
297.186 
298.985 
301.299 
302.678 
303.173 
303.002 
302.058 
302.512 
302.043 
300.803 
299.514 
299.468 
299.943 
300.445 
300.389 
300.472 
301.595 
302.395 
302.233 
302.71 
302.809 
302.746 
302.62 
303.106 
303.917 
305.586 
304.207 
305.599 
305.232 
304.753 
303.83 
304.839 
304.962 
303.048 
303.404 
303.363 
303.232 
297.228 
297.745 
297.657 
297.841 
298.059 
297.834 
297.71 
297.807 
298.51 
298.838 
297.431 
297.436 
296.943 
296.89 
296.699 
296.726 
297.162 
297.623 
297.002 
297.202 
297.439 
297.792 
298.552 
300.54 
300.806 
301.287 
300.181 
297.831 
297.591 
298.415 
298.314 
297.015 
295.978 
295.303 
295.446 
297.849 
300.347 
301.944 
302.798 
303.155 
302.746 
302.263 
302.012 
300.803 
300.591 
299.767 
299.752 
300.923 
300.603 
301.5 
303.077 
302.642 
302.675 
303.03 
302.798 
302.607 
301.962 
302.656 
303.362 
303.508 
303.827 
304.929 
305.07 
305.045 
304.243 
304.24 
304.05 
302.925 
303.155 
303.298 
303.314 
296.508 
297.602 
298.092 
297.734 
297.62 
297.611 
297.611 
297.714 
298.277 
298.312 
296.837 
297.142 
297.152 
296.556 
296.506 
297.042 
296.793 
297.407 
297.211 
297.368 
297.523 
296.955 
297.016 
299.294 
300.893 
301.292 
301.073 
299.318 
297.518 
297.068 
296.659 
295.302 
294.099 
293.668 
294.987 
297.511 
299.78 
301.408 
302.411 
301.761 
302.095 
302.416 
302.145 
301.461 
300.869 
300.386 
300.364 
300.206 
301 
302.083 
302.812 
302.724 
304.066 
302.699 
302.75 
302.575 
302.465 
302.275 
302.16 
302.871 
302.566 
302.042 
302.92 
305.05 
304.859 
304.331 
303.321 
302.548 
302.62 
302.879 
303.08 
295.648 
296.648 
297.773 
298.06 
298.011 
298.142 
298.444 
298.517 
298.195 
297.736 
297.155 
296.986 
296.781 
296.956 
297.261 
297.658 
297.965 
296.946 
297.034 
297.783 
297.914 
297.186 
296.726 
297.666 
298.672 
299.465 
300.101 
299.954 
298.459 
297.41 
296.47 
295.39 
294.043 
293.504 
295.214 
298.321 
300.011 
300.933 
301.882 
302.241 
302.994 
302.947 
302.225 
301.746 
301.531 
301.296 
301.603 
301.467 
302.186 
302.378 
302.682 
302.563 
302.46 
302.802 
302.903 
302.933 
302.006 
301.437 
301.088 
301.254 
301.047 
300.595 
301.915 
303.47 
305.381 
303.615 
303.196 
302.11 
301.944 
302.178 
302.221 
