297.61 
297.483 
297.482 
297.612 
297.737 
297.872 
298.382 
298.425 
298.482 
298.534 
298.539 
298.505 
298.422 
297.95 
297.924 
297.886 
297.859 
297.81 
297.79 
297.81 
297.831 
297.853 
297.882 
297.919 
297.962 
298.01 
297.998 
298.065 
298.214 
298.379 
298.494 
298.591 
298.706 
298.867 
298.99 
299.052 
299.102 
299.157 
299.209 
299.251 
299.291 
299.335 
299.314 
299.258 
299.303 
299.274 
298.989 
298.566 
298.174 
297.937 
297.973 
298.228 
298.524 
298.912 
299.217 
299.547 
299.672 
299.548 
299.203 
298.702 
298.518 
298.593 
298.623 
298.817 
298.773 
298.55 
298.264 
297.986 
297.977 
298.085 
298.15 
297.581 
297.457 
297.49 
297.589 
297.711 
297.853 
297.928 
298.456 
298.505 
298.548 
298.538 
298.504 
298.427 
297.955 
297.93 
297.9 
297.886 
297.831 
297.774 
297.786 
297.805 
297.832 
297.863 
297.906 
297.957 
298.03 
298.074 
298.092 
298.217 
298.386 
298.512 
298.656 
298.819 
298.968 
299.033 
299.056 
299.1 
299.173 
299.245 
299.288 
299.341 
299.384 
299.363 
299.351 
299.433 
299.552 
299.386 
298.901 
298.353 
297.992 
297.903 
298.07 
298.367 
298.677 
299.035 
299.455 
299.738 
299.652 
299.205 
298.589 
298.461 
298.608 
298.774 
299.006 
298.877 
298.642 
298.528 
298.282 
298.113 
298.125 
298.171 
297.528 
297.458 
297.517 
297.584 
297.706 
297.835 
297.922 
298.46 
298.504 
298.546 
298.532 
298.495 
298.425 
297.956 
297.931 
297.907 
297.908 
297.87 
297.777 
297.77 
297.774 
297.795 
297.835 
297.889 
297.96 
298.51 
298.618 
298.154 
298.229 
298.395 
298.575 
298.779 
298.939 
299.026 
299.042 
299.048 
299.096 
299.186 
299.275 
299.32 
299.385 
299.404 
299.368 
299.462 
299.576 
299.761 
299.791 
299.397 
298.703 
298.168 
297.956 
298.025 
298.301 
298.598 
298.942 
299.33 
299.68 
299.664 
299.196 
298.671 
298.49 
298.588 
298.829 
299.081 
298.957 
298.747 
298.762 
298.62 
298.331 
298.221 
298.208 
297.491 
297.49 
297.537 
297.605 
297.745 
297.842 
297.914 
297.963 
298.479 
298.525 
298.523 
298.484 
298.421 
297.954 
297.932 
297.912 
297.921 
297.906 
297.802 
297.763 
297.759 
297.769 
297.797 
297.869 
297.961 
298.098 
298.7 
298.649 
298.246 
298.427 
298.678 
298.9 
299.018 
299.062 
299.051 
299.055 
299.112 
299.215 
299.306 
299.361 
299.41 
299.395 
299.429 
299.645 
299.742 
299.851 
300.052 
299.796 
299.145 
298.416 
298.091 
298.064 
298.279 
298.566 
298.866 
299.247 
299.587 
299.64 
299.235 
298.713 
298.467 
298.513 
298.769 
299.036 
298.995 
298.835 
298.865 
298.829 
298.562 
298.392 
298.325 
297.51 
297.532 
297.536 
297.645 
297.813 
297.878 
297.912 
297.945 
298.448 
298.489 
298.509 
298.477 
298.422 
297.955 
297.933 
297.917 
297.93 
297.927 
297.845 
297.774 
297.748 
297.761 
297.788 
297.837 
297.912 
298.041 
298.197 
298.699 
298.269 
298.482 
298.775 
298.97 
299.066 
299.095 
299.082 
299.097 
299.165 
299.266 
299.343 
299.4 
299.42 
299.471 
299.713 
299.94 
299.932 
299.862 
299.983 
299.818 
299.358 
298.645 
298.252 
298.132 
298.236 
298.537 
298.925 
299.248 
299.514 
299.632 
299.342 
298.728 
298.419 
298.461 
298.72 
298.997 
299.037 
298.896 
298.818 
298.805 
298.722 
298.618 
298.548 
297.569 
297.564 
297.536 
297.687 
297.866 
297.919 
297.924 
297.94 
297.964 
298.46 
298.494 
298.475 
298.431 
297.959 
297.933 
297.917 
297.932 
297.934 
297.878 
297.798 
297.744 
297.749 
297.787 
297.818 
297.772 
297.802 
298.052 
298.25 
298.306 
298.541 
298.829 
299.014 
299.112 
299.144 
299.155 
299.191 
299.263 
299.334 
299.375 
299.422 
299.544 
299.829 
300.18 
300.176 
300.118 
299.924 
299.793 
299.698 
299.402 
298.828 
298.35 
298.148 
298.108 
298.415 
298.997 
299.283 
299.486 
299.631 
299.477 
298.777 
298.487 
298.5 
298.693 
298.939 
299.053 
298.948 
298.837 
298.788 
298.821 
298.851 
298.83 
297.632 
297.573 
297.559 
297.719 
297.887 
297.94 
297.937 
297.941 
297.968 
298.46 
298.488 
298.474 
298.437 
297.964 
297.931 
297.911 
297.926 
297.927 
297.885 
297.814 
297.745 
297.721 
297.777 
297.825 
298.768 
298.539 
297.892 
298.197 
298.381 
298.62 
298.863 
299.075 
299.181 
299.243 
299.286 
299.327 
299.384 
299.403 
299.395 
299.55 
299.985 
300.478 
300.485 
300.291 
300.041 
299.843 
299.679 
299.57 
299.414 
299.135 
298.526 
298.194 
297.968 
298.172 
298.938 
299.336 
299.539 
299.642 
299.572 
298.993 
298.725 
298.67 
299.571 
299.741 
299.825 
299.002 
299.025 
298.984 
298.976 
299.02 
299.03 
298.796 
297.597 
297.603 
297.739 
297.892 
297.949 
297.94 
297.938 
298.47 
298.493 
298.498 
298.471 
298.43 
297.958 
297.917 
297.889 
297.902 
297.9 
297.867 
297.811 
297.748 
297.682 
297.736 
297.819 
298.225 
298.62 
297.809 
298.124 
298.468 
298.675 
300.643 
299.17 
299.321 
299.413 
299.457 
299.477 
299.496 
299.451 
299.507 
300.062 
300.768 
300.71 
300.475 
300.194 
299.859 
299.702 
299.6 
299.503 
299.419 
299.313 
298.983 
298.475 
298.051 
297.968 
298.647 
299.329 
299.625 
299.618 
299.436 
299.198 
298.87 
299.023 
298.91 
298.95 
298.976 
299.002 
299.136 
299.212 
299.118 
299.06 
299.009 
297.725 
297.649 
297.645 
297.749 
297.891 
298.444 
299.499 
298.41 
298.488 
299.687 
299.725 
299.637 
299.511 
299.484 
299.266 
299.145 
299.209 
299.182 
299.114 
299.01 
298.872 
298.119 
298.118 
298.102 
298.525 
298.031 
298.472 
299.203 
300.057 
298.44 
298.576 
299.154 
299.544 
299.632 
299.635 
299.623 
299.591 
299.583 
300.03 
300.951 
300.968 
300.732 
300.346 
300.017 
299.68 
299.466 
299.433 
299.404 
299.386 
299.416 
299.422 
298.983 
298.384 
298.146 
298.53 
299.277 
299.709 
299.768 
299.294 
298.912 
298.908 
299.074 
299.341 
299.307 
299.253 
299.098 
299.089 
299.315 
299.27 
299.137 
299.015 
297.737 
297.7 
297.672 
297.746 
297.883 
298.445 
298.422 
298.402 
298.494 
298.55 
298.53 
298.481 
298.41 
299.723 
299.557 
299.264 
299.419 
299.392 
299.133 
299.136 
298.768 
298.391 
298.618 
298.402 
298.129 
298.302 
297.912 
298.414 
299.325 
299.568 
299.01 
299.163 
299.799 
299.902 
299.829 
299.784 
299.785 
300.131 
301.069 
301.236 
301.076 
300.664 
300.133 
299.732 
299.518 
299.276 
299.233 
299.285 
299.262 
299.343 
299.442 
299.256 
298.707 
298.01 
298.423 
299.426 
300.005 
300.404 
300.118 
299.069 
298.516 
299.111 
299.395 
299.748 
300.054 
299.659 
299.025 
299.021 
299.266 
299.302 
299.25 
297.757 
297.721 
297.684 
297.732 
297.865 
298.424 
298.412 
298.393 
298.501 
298.572 
298.551 
298.506 
298.418 
297.909 
299.539 
299.495 
299.493 
299.427 
299.337 
299.181 
298.96 
298.778 
298.8 
298.38 
298.011 
298.773 
298.31 
298.195 
298.899 
300 
299.725 
300.349 
301.287 
300.261 
300.1 
300.051 
300.337 
301.118 
301.376 
301.315 
301.075 
300.525 
299.79 
299.429 
299.332 
299.103 
298.883 
298.905 
298.957 
298.952 
299.031 
299.044 
299.053 
298.781 
298.037 
299.02 
300.305 
300.529 
300.342 
299.875 
298.648 
299.276 
299.514 
300.512 
300.297 
300.484 
299.444 
298.687 
298.941 
299.262 
299.515 
297.766 
297.72 
297.686 
297.712 
297.832 
297.901 
298.399 
298.39 
298.502 
298.572 
298.552 
298.521 
298.428 
297.92 
297.859 
297.835 
297.855 
297.837 
297.791 
297.728 
298.968 
298.845 
298.643 
298.994 
299.019 
298.836 
299.165 
298.999 
299.282 
300.757 
301.097 
301.338 
301.581 
302.184 
302.297 
302.396 
302.728 
301.348 
301.393 
301.271 
300.923 
300.254 
299.464 
299.305 
299.198 
299.029 
298.682 
298.779 
299.095 
299.185 
299.212 
299.578 
299.536 
299.962 
299.579 
298.672 
299.325 
300.24 
300.294 
299.683 
298.856 
298.839 
299.712 
299.761 
300.357 
300.764 
300.14 
299.094 
298.817 
299.005 
299.274 
297.758 
297.727 
297.686 
297.704 
297.785 
297.854 
297.902 
297.91 
298.493 
298.566 
298.557 
298.541 
298.451 
297.915 
297.859 
297.829 
297.851 
297.823 
297.788 
297.704 
298.922 
298.869 
298.969 
299.073 
299.016 
299.696 
299.902 
300.11 
300.081 
300.816 
302.703 
302.281 
302.23 
302.4 
302.419 
302.482 
302.864 
302.918 
302.163 
301.923 
300.65 
300.028 
299.503 
299.352 
299.339 
299.494 
299.418 
299.543 
299.953 
300.204 
300.385 
300.231 
300.321 
300.039 
300.223 
300.797 
300.493 
300.335 
300.078 
299.445 
298.96 
298.972 
298.806 
299.701 
300.47 
300.746 
300.017 
299.61 
299.44 
299.352 
299.213 
297.754 
297.739 
297.703 
297.729 
297.741 
297.8 
297.879 
297.909 
298.466 
298.54 
298.539 
298.535 
298.451 
297.925 
297.858 
297.796 
297.801 
297.774 
299.088 
298.966 
298.665 
298.485 
298.605 
299.165 
299.561 
299.86 
300.512 
300.477 
300.658 
301.393 
302.573 
300.848 
301.044 
302.385 
302.671 
302.777 
302.853 
302.849 
302.542 
301.623 
301.018 
301.029 
299.824 
300.44 
301.067 
301.355 
302.283 
302.779 
303.125 
303.334 
303.438 
303.421 
301.885 
302.022 
299.683 
300.246 
300.656 
300.85 
301.128 
299.994 
299.211 
299.931 
299.19 
299.603 
300.413 
300.74 
299.621 
299.32 
299.583 
299.816 
299.714 
297.768 
297.753 
297.761 
297.786 
297.726 
297.75 
297.855 
297.911 
297.952 
298.007 
298.013 
298.002 
298.42 
297.924 
297.862 
297.786 
299.035 
299.386 
299.359 
298.809 
298.428 
298.547 
298.636 
298.994 
299.268 
300.01 
300.52 
301.077 
300.938 
300.92 
301.969 
302.874 
301.659 
300.486 
302.41 
301.726 
301.03 
300.771 
301.808 
301.597 
301.734 
302.335 
302.728 
303.016 
303.292 
303.578 
303.6 
303.439 
303.5 
303.587 
303.468 
303.725 
303.116 
300.903 
300.52 
300.84 
299.777 
299.934 
300.079 
300.531 
299.293 
299.828 
299.481 
299.565 
300.948 
300.894 
299.302 
299.159 
299.481 
299.661 
299.843 
297.795 
297.771 
297.823 
297.838 
297.745 
297.715 
297.82 
297.902 
297.928 
297.981 
297.982 
297.965 
297.896 
297.902 
297.846 
299.303 
299.424 
298.424 
298.427 
298.55 
298.469 
298.403 
298.681 
298.974 
299.092 
299.62 
300.637 
300.572 
300.858 
300.711 
301.708 
302.687 
301.771 
301.296 
302.37 
302.037 
302.795 
303.254 
303.383 
303.022 
301.543 
302.17 
302.473 
302.496 
301.747 
303.529 
303.476 
301.981 
302.509 
302.81 
302.437 
302.539 
302.175 
301.03 
299.986 
300.212 
300.627 
301.379 
302.259 
302.466 
300.628 
299.484 
299.42 
300.154 
301.024 
301.05 
299.09 
299.202 
299.616 
299.642 
299.758 
297.822 
297.791 
297.852 
297.873 
297.774 
297.704 
297.786 
297.896 
297.917 
297.968 
300.094 
300.023 
299.382 
299.834 
299.727 
299.6 
299.308 
298.989 
298.532 
298.604 
298.696 
298.334 
298.417 
298.67 
299.203 
299.457 
300.085 
300.602 
300.449 
299.575 
300.99 
302.258 
301.953 
301.811 
301.666 
300.374 
300.885 
302.171 
302.249 
302.828 
304.095 
303.906 
303.78 
303.826 
302.822 
302.743 
302.701 
302.199 
303.656 
303.575 
302.04 
301.354 
300.938 
300.582 
300.041 
299.482 
299.327 
300.268 
301.866 
302.716 
303.858 
302.97 
302.646 
302.707 
303.44 
301.218 
299.133 
299.151 
299.638 
299.664 
299.817 
297.828 
297.792 
297.835 
297.867 
297.798 
297.712 
297.768 
297.894 
299.669 
300.085 
299.891 
299.831 
299.401 
299.115 
299.024 
299.437 
299.112 
298.623 
298.205 
298.692 
298.993 
298.621 
298.302 
299.005 
298.559 
298.769 
299.699 
300.345 
299.831 
299.049 
299.78 
301.152 
301.68 
301.275 
301.569 
301.212 
300.496 
300.408 
300.916 
301.711 
303.302 
303.608 
303.839 
303.882 
303.775 
303.71 
303.746 
303.643 
301.84 
303.328 
301.58 
300.073 
299.085 
299.421 
299.855 
299.463 
298.952 
299.431 
300.692 
301.916 
303.175 
303.089 
303.11 
302.216 
303.675 
303.425 
299.304 
299.001 
299.573 
299.68 
299.814 
297.817 
297.779 
297.807 
297.839 
297.796 
297.722 
297.754 
299.449 
299.235 
299.916 
299.781 
299.71 
299.083 
299.083 
298.945 
298.638 
297.991 
297.42 
297.899 
298.436 
299.512 
299.638 
298.207 
298.443 
298.92 
299.126 
299.371 
299.636 
299.118 
298.15 
298.515 
299.535 
300.308 
301.051 
301.036 
300.099 
298.975 
298.804 
299.471 
300.585 
302.512 
303.167 
303.695 
303.81 
303.721 
302.275 
302.259 
303.735 
303.628 
303.253 
300.223 
299.213 
297.694 
297.991 
299.01 
299.562 
299.734 
299.267 
299.176 
299.807 
300.4 
301.162 
302.282 
303.487 
303.564 
303.407 
301.543 
299.885 
300.967 
299.703 
299.82 
297.827 
297.792 
297.8 
297.806 
297.779 
297.725 
297.742 
299.321 
299.264 
298.993 
298.851 
298.873 
299.639 
298.915 
298.745 
298.514 
298.975 
297.513 
297.591 
298.018 
298.898 
299.335 
298.227 
299.988 
300.666 
298.725 
299.056 
298.779 
298.351 
297.841 
297.96 
298.18 
299.333 
299.862 
299.364 
298.967 
298.568 
298.107 
298.663 
300.011 
301.115 
301.681 
303.7 
303.767 
303.728 
303.811 
303.799 
303.703 
303.549 
302.039 
301.012 
298.979 
297.269 
297.024 
297.805 
299.156 
300.632 
300.355 
299.326 
298.513 
298.984 
300.123 
301.502 
303.226 
303.57 
303.594 
300.98 
300.275 
299.398 
299.693 
299.861 
297.853 
297.819 
297.779 
297.757 
297.746 
297.731 
299.06 
299.333 
299.195 
299.137 
298.878 
298.823 
298.72 
298.689 
298.526 
298.437 
298.901 
297.51 
296.775 
297.413 
297.417 
298.763 
297.987 
299.88 
300.719 
299.281 
299.035 
298.535 
298.666 
298.509 
298.564 
297.55 
298.186 
297.98 
297.699 
298.47 
299.317 
300.14 
300.263 
300.373 
301.376 
302.02 
303.804 
303.788 
303.667 
303.681 
303.655 
303.669 
303.637 
303.268 
300.708 
299.821 
298.602 
297.708 
297.409 
299.141 
301.06 
300.851 
300.963 
299.965 
299.239 
300.283 
301.027 
301.563 
303.149 
303.588 
299.941 
300.584 
299.34 
299.679 
299.92 
297.834 
297.775 
297.666 
297.662 
298.658 
298.94 
299.031 
299.162 
299.95 
299.833 
299.539 
299.404 
299.463 
299.521 
299.414 
299.284 
297.951 
297.648 
298.597 
296.877 
296.8 
297.336 
297.963 
299.705 
300.575 
300.93 
299.365 
299.327 
299.478 
299.446 
299.21 
298.527 
297.848 
297.195 
296.919 
298.101 
299.823 
301.241 
301.869 
301.551 
302.834 
301.526 
303.74 
303.731 
303.611 
303.63 
303.587 
303.513 
303.359 
302.882 
300.271 
300.496 
299.487 
298.838 
299.043 
299.928 
300.531 
303.361 
303.379 
301.361 
301.136 
300.467 
300.815 
302.75 
302.873 
303.512 
300.892 
299.291 
300.834 
299.666 
301.037 
297.843 
297.685 
298.134 
298.233 
298.438 
298.58 
299.097 
299.787 
299.732 
299.662 
298.607 
298.338 
299.239 
299.38 
299.281 
299.087 
298.751 
298.681 
298.839 
298.827 
297.271 
298.603 
297.569 
298.08 
300.361 
300.839 
301.07 
299.954 
300.219 
300.162 
299.753 
299.75 
298.762 
297.209 
296.703 
297.597 
299.505 
300.906 
302.034 
302.382 
303.194 
303.416 
303.652 
303.691 
303.545 
303.509 
303.391 
303.151 
302.718 
301.075 
300.319 
300.211 
300.347 
300.468 
300.241 
300.534 
303.164 
303.522 
303.698 
303.209 
303.337 
303.302 
303.193 
303.059 
302.92 
303.451 
300.344 
299.326 
299.333 
299.575 
301.312 
298.867 
298.555 
298.157 
298.429 
298.424 
298.877 
298.631 
298.992 
298.929 
299.497 
299.384 
299.284 
299.185 
299.336 
299.169 
298.851 
298.232 
298.178 
298.678 
298.936 
298.744 
297.818 
297.93 
299.95 
300.405 
300.74 
300.947 
301.088 
301.347 
300.41 
299.844 
299.599 
299.729 
298.551 
297.521 
297.576 
299.011 
300.321 
301.193 
302.027 
302.159 
303.196 
303.187 
303.29 
303.26 
303.155 
303.112 
302.816 
300.193 
299.406 
300.31 
300.195 
301.281 
301.576 
301.53 
303.096 
303.247 
303.327 
303.592 
303.784 
303.801 
303.716 
303.573 
303.541 
303.323 
303.541 
300.4 
299.325 
299.253 
299.444 
300.004 
300.233 
299.418 
299.099 
298.962 
298.82 
298.851 
298.846 
298.795 
298.606 
298.737 
299.142 
299.089 
299.048 
299.223 
299.008 
298.681 
296.925 
298.005 
298.373 
298.569 
298.603 
298.758 
299.423 
300.035 
300.508 
300.715 
300.811 
300.992 
299.9 
300.772 
300.169 
300.676 
300.753 
300.086 
299.14 
299.286 
299.944 
300.029 
301.518 
301.833 
300.927 
302.717 
302.479 
302.532 
302.581 
302.7 
303.063 
302.906 
302.144 
300.647 
300.371 
302.944 
303.35 
303.427 
303.482 
303.53 
303.478 
303.459 
303.508 
303.589 
303.701 
303.791 
303.723 
303.7 
303.473 
303.508 
301.183 
300.1 
299.188 
299.401 
299.997 
300.749 
299.353 
299.103 
299.219 
298.683 
298.591 
298.74 
298.655 
299.538 
299.287 
299.036 
299.01 
297.977 
299.097 
298.821 
298.598 
297.381 
297.089 
297.323 
297.041 
298.359 
298.886 
299.545 
300.144 
300.695 
300.596 
300.555 
300.867 
300.437 
300.44 
300.776 
301.829 
302.174 
301.118 
300.538 
300.471 
301.347 
301.249 
301.849 
302.217 
302.304 
301.177 
300.69 
300.58 
300.46 
302.622 
303.152 
303.153 
302.727 
302.594 
302.983 
303.448 
303.607 
303.601 
303.623 
303.637 
303.635 
303.641 
303.591 
303.534 
303.592 
303.719 
303.68 
303.555 
303.32 
303.309 
302.019 
299.358 
299.281 
300.283 
302.014 
300.304 
299.611 
299.751 
299.364 
298.645 
298.505 
298.676 
298.805 
299.339 
299.08 
298.874 
298.011 
298.896 
297.842 
297.71 
297.912 
297.558 
297.464 
298.751 
297.05 
298.331 
299.155 
299.99 
300.556 
300.746 
300.459 
299.35 
300.355 
301.324 
300.842 
301.267 
301.425 
303.557 
303.298 
303.046 
303.112 
303.347 
303.585 
303.86 
302.595 
303.546 
302.157 
303.231 
303.155 
301.509 
301.505 
303.311 
303.314 
303.224 
303.325 
303.393 
303.357 
303.387 
303.455 
303.49 
303.479 
303.487 
303.565 
303.593 
303.55 
303.545 
303.665 
302.346 
303.439 
303.256 
302.921 
299.698 
299.477 
299.492 
300.89 
301.921 
300.539 
300.312 
299.592 
299.326 
298.835 
299.051 
299.459 
299.393 
299.25 
299.02 
297.822 
298.176 
297.654 
298.901 
297.668 
297.727 
297.512 
298.845 
297.381 
297.248 
298.501 
299.716 
300.403 
300.875 
300.851 
300.336 
300.051 
300.315 
300.998 
301.84 
302.854 
303.371 
303.671 
303.662 
303.166 
303.082 
303.292 
303.447 
303.557 
303.649 
303.548 
303.395 
303.169 
303.267 
303.41 
303.536 
303.514 
303.444 
303.353 
303.216 
303.174 
303.189 
303.195 
303.28 
303.375 
303.381 
303.371 
303.411 
303.43 
303.436 
303.468 
303.576 
300.961 
300.899 
300.779 
300.169 
299.517 
299.566 
299.662 
299.917 
301.356 
300.28 
300.094 
300.875 
300.714 
300.139 
298.251 
298.32 
298.377 
298.256 
298.076 
298.144 
297.882 
297.571 
298.675 
298.452 
298.602 
297.574 
298.846 
298.761 
297.181 
298.92 
300.21 
299.398 
300.937 
300.793 
300.214 
300.11 
300.735 
301.307 
301.58 
302.092 
302.702 
303.12 
303.223 
303.076 
302.978 
303.033 
303.111 
303.167 
303.226 
303.19 
303.193 
302.133 
303.231 
303.418 
303.642 
303.704 
303.596 
303.339 
302.923 
302.701 
302.817 
302.954 
303.034 
303.082 
303.104 
303.155 
303.236 
303.283 
303.33 
303.417 
303.502 
300.999 
301.057 
300.805 
299.736 
299.279 
299.551 
299.712 
300.019 
301.903 
300.907 
300.681 
300.556 
300.674 
300.35 
298.476 
298.513 
298.718 
298.437 
298.164 
297.982 
297.721 
297.626 
297.6 
297.298 
298.548 
298.817 
298.85 
298.447 
296.777 
299.353 
300.331 
299.618 
299.719 
300.59 
299.893 
300.353 
301.544 
302.173 
301.918 
301.61 
301.989 
302.464 
302.673 
302.609 
302.614 
302.736 
302.878 
302.945 
302.862 
302.874 
302.957 
302.998 
303.181 
301.875 
303.688 
303.8 
303.615 
303.254 
302.917 
302.662 
302.642 
302.713 
302.69 
302.671 
302.765 
302.944 
303.113 
303.203 
303.276 
303.375 
303.363 
303.258 
300.942 
300.476 
299.494 
299.008 
299.539 
299.696 
300.887 
300.298 
298.607 
300.036 
300.543 
300.742 
300.498 
299.915 
298.389 
298.443 
298.714 
298.261 
298.042 
298.941 
297.821 
297.532 
297.483 
297.464 
297.284 
298.649 
298.253 
296.873 
299.519 
298.905 
298.744 
300.354 
300.119 
299.67 
300.722 
301.967 
302.508 
300.855 
302.123 
302.097 
302.315 
302.639 
302.658 
302.532 
302.61 
302.734 
302.756 
302.634 
302.745 
301.365 
302.76 
302.944 
303.388 
303.688 
303.692 
303.498 
303.233 
303.084 
302.975 
302.841 
302.667 
302.505 
302.517 
302.7 
302.899 
303.038 
303.127 
303.225 
303.259 
301.862 
300.521 
300.642 
300.357 
299.354 
298.924 
299.557 
299.66 
299.99 
300.227 
300.034 
299.397 
300.904 
300.009 
299.682 
298.899 
298.135 
298.484 
298.359 
298.188 
297.931 
297.898 
297.796 
297.538 
297.39 
298.742 
298.9 
296.972 
296.728 
297.102 
299.379 
297.706 
297.673 
298.034 
298.248 
298.392 
299.102 
301.569 
302.011 
300.398 
301.566 
299.93 
302.753 
302.106 
302.623 
302.72 
302.498 
302.476 
302.623 
302.655 
301.126 
301.135 
302.551 
302.815 
303.301 
303.621 
303.572 
303.359 
303.167 
303.076 
303.035 
302.964 
302.77 
302.623 
302.691 
302.837 
302.918 
302.988 
303.038 
303.121 
301.957 
300.41 
300.471 
300.77 
300.225 
299.3 
298.982 
299.482 
299.575 
299.864 
299.988 
300.353 
300.521 
300.221 
300.11 
299.688 
298.962 
297.775 
298.023 
298.094 
297.961 
297.905 
298.006 
297.634 
297.31 
297.371 
297.491 
297.463 
297.078 
297.01 
296.934 
299.177 
298.203 
297.125 
297.278 
297.463 
298.005 
299.405 
299.49 
299.545 
299.748 
299.663 
300.735 
301.554 
302.435 
301.013 
301.753 
301.668 
301.482 
301.447 
301.517 
302.652 
302.561 
302.62 
301.427 
303.26 
303.489 
303.41 
303.208 
303.06 
302.953 
302.863 
302.869 
302.749 
302.693 
302.786 
302.87 
302.867 
302.891 
301.605 
301.714 
301.899 
300.426 
300.498 
300.746 
300.139 
299.223 
298.939 
299.415 
299.514 
299.818 
299.882 
300.94 
300.247 
299.868 
299.396 
299.479 
298.512 
297.937 
297.843 
298.078 
297.805 
297.84 
297.68 
297.736 
297.501 
297.606 
297.682 
297.149 
297.197 
297.13 
296.94 
298.673 
299.27 
298.919 
297.073 
297.032 
297.739 
298.438 
298.192 
297.821 
298.11 
298.562 
298.594 
299.547 
300.436 
301.577 
302.15 
301.719 
301.824 
302.061 
302.784 
302.858 
302.773 
302.942 
303.188 
303.281 
303.238 
303.107 
302.978 
302.91 
302.837 
302.724 
302.704 
302.601 
302.623 
302.731 
302.789 
301.372 
301.448 
302.949 
301.517 
300.345 
300.351 
300.4 
300.707 
300.684 
299.534 
298.832 
299.431 
299.508 
299.787 
299.909 
300.636 
299.947 
299.77 
299.253 
299.142 
298.455 
297.812 
297.84 
297.931 
297.807 
297.754 
297.444 
297.321 
297.621 
298.735 
297.232 
297.197 
297.102 
297.215 
297.103 
297.895 
298.757 
298.254 
297.758 
297.982 
297.686 
298.007 
297.376 
297.341 
296.958 
296.49 
297.155 
297.625 
298.658 
299.989 
301.207 
302.133 
301.904 
302.32 
303.655 
303.422 
303.318 
303.369 
303.32 
303.173 
302.997 
302.841 
302.759 
302.767 
302.752 
302.632 
302.552 
302.457 
302.537 
302.649 
302.652 
302.712 
302.808 
302.794 
302.763 
301.514 
301.43 
301.522 
302.34 
301.634 
300.445 
299.305 
299.388 
299.498 
299.636 
299.826 
300.356 
299.832 
299.218 
298.816 
299.208 
298.751 
298.432 
298.088 
297.827 
297.697 
297.703 
297.539 
297.38 
298.664 
298.556 
297.333 
297.387 
297.397 
298.327 
297.234 
297.367 
297.959 
298.195 
297.348 
298.125 
298.61 
298.422 
297.399 
296.686 
296.013 
295.631 
296.02 
296.502 
297.574 
298.346 
299.198 
300.735 
303.251 
303.893 
303.944 
303.747 
303.5 
303.262 
303.051 
302.909 
302.796 
302.674 
302.606 
302.653 
302.684 
302.575 
302.45 
302.334 
302.413 
302.511 
302.467 
302.554 
302.607 
302.592 
302.523 
302.428 
302.379 
302.401 
302.311 
301.742 
300.829 
298.864 
299.185 
299.506 
299.429 
299.591 
300.115 
299.718 
299.013 
299.135 
299.542 
299.11 
299.229 
298.613 
297.736 
297.851 
297.602 
297.615 
297.652 
297.458 
297.299 
298.851 
297.492 
298.728 
297.676 
297.321 
297.828 
298.96 
298.391 
297.371 
298.06 
299.147 
299.204 
298.8 
298.325 
297.394 
295.707 
295.128 
295.604 
297.233 
297.346 
297.666 
299.679 
300.385 
303.646 
303.813 
303.592 
303.233 
302.882 
302.641 
302.563 
302.537 
302.469 
302.389 
302.462 
302.545 
302.466 
302.3 
302.16 
302.207 
302.271 
300.948 
302.364 
302.478 
302.454 
302.484 
302.484 
302.425 
302.298 
302.226 
301.971 
301.506 
299.419 
299.057 
299.498 
299.439 
299.361 
299.979 
299.405 
299.326 
299.567 
299.886 
299.41 
299.311 
298.439 
297.607 
297.408 
297.616 
297.5 
297.556 
297.367 
297.808 
298.981 
298.957 
297.22 
297.54 
298.326 
297.953 
298.222 
298.257 
297.914 
297.688 
298.8 
300.238 
300.133 
299.21 
298.733 
297.114 
295.962 
296.068 
297.129 
297.796 
298.423 
299.113 
300.935 
303.443 
303.729 
303.469 
303.028 
302.688 
302.488 
302.413 
302.345 
302.229 
302.117 
302.188 
302.303 
302.231 
302.082 
301.994 
302.029 
300.637 
300.849 
301.577 
301.384 
301.381 
302.317 
302.496 
302.557 
302.333 
302.154 
301.878 
301.681 
300.508 
299.293 
299.442 
299.563 
299.41 
299.273 
299.229 
299.171 
299.159 
299.167 
299.265 
298.937 
298.456 
297.935 
297.57 
297.465 
297.433 
297.254 
298.813 
299.023 
298.964 
297.252 
297.737 
297.838 
297.993 
298.241 
298.319 
298.576 
298.561 
298.655 
298.147 
299.409 
300.05 
300.064 
300.149 
299.008 
297.949 
297.852 
298.039 
298.629 
299.001 
299.554 
302.262 
303.309 
303.525 
303.176 
302.729 
302.523 
302.437 
302.367 
302.259 
302.108 
301.935 
301.962 
302.033 
301.935 
301.9 
301.941 
301.995 
302.013 
299.488 
299.59 
299.778 
299.85 
301.262 
302.265 
301.747 
299.794 
299.749 
300.843 
301.538 
301.291 
299.727 
299.342 
299.56 
299.444 
297.934 
298.106 
297.679 
297.702 
298.265 
298.734 
298.739 
298.302 
297.841 
297.559 
297.517 
297.386 
297.298 
297.369 
297.36 
297.313 
299.025 
297.563 
297.715 
297.996 
298.175 
298.5 
298.451 
298.658 
298.23 
298.174 
299.751 
300.722 
301.451 
300.222 
299.782 
299.176 
298.932 
299.528 
299.452 
299.528 
301.615 
302.639 
303.293 
303.254 
302.744 
302.339 
302.319 
302.322 
302.257 
302.177 
302.124 
301.954 
301.939 
301.899 
301.765 
301.783 
301.902 
301.986 
300.836 
299.434 
299.561 
299.696 
299.64 
299.568 
299.524 
299.56 
299.608 
299.657 
299.82 
301.021 
300.658 
300.26 
299.286 
299.473 
299.457 
297.407 
297.721 
297.261 
297.092 
297.806 
298.603 
298.752 
298.15 
297.822 
297.471 
297.437 
297.328 
297.357 
297.378 
297.384 
297.36 
297.465 
297.582 
297.833 
297.932 
297.941 
298.035 
298.573 
298.709 
298.621 
298.214 
297.757 
298.686 
299.547 
301.503 
301.796 
301.909 
299.856 
300.09 
299.916 
301.887 
300.089 
300.452 
303.055 
302.718 
302.135 
301.937 
302.049 
302.047 
302.074 
302.018 
302.071 
302.04 
302.083 
301.908 
301.829 
301.79 
301.88 
301.942 
300.679 
300.49 
299.611 
299.69 
299.6 
299.509 
299.47 
299.497 
299.541 
299.636 
299.846 
299.775 
299.532 
299.402 
299.215 
299.328 
299.448 
297.304 
297.465 
296.592 
296.866 
296.91 
297.746 
297.987 
297.84 
297.622 
297.383 
297.37 
297.348 
297.288 
297.235 
297.281 
297.366 
297.73 
297.955 
298.099 
298.387 
298.256 
297.861 
298.207 
298.444 
298.975 
298.819 
298.551 
297.885 
300.147 
301.029 
301.527 
301.869 
302.03 
302.116 
302.186 
302.368 
302.558 
302.625 
302.556 
302.105 
301.749 
301.751 
301.844 
300.696 
301.823 
301.842 
301.81 
301.764 
301.961 
301.815 
301.838 
301.883 
301.95 
302.001 
301.805 
301.613 
300.529 
300.845 
299.652 
299.559 
299.468 
299.472 
299.471 
299.516 
299.613 
299.503 
299.294 
299.276 
299.137 
299.176 
299.403 
297.715 
297.371 
296.939 
296.886 
297.349 
297.849 
297.635 
298.117 
297.509 
298.892 
297.552 
297.509 
297.377 
297.523 
297.445 
297.815 
297.913 
298.27 
298.152 
298.562 
298.473 
298.218 
297.696 
298.172 
298.598 
299.024 
299.103 
298.85 
298.482 
298.655 
300.904 
299.538 
301.556 
301.928 
302.133 
302.238 
302.416 
302.472 
301.647 
301.679 
301.622 
301.686 
301.744 
300.68 
300.851 
301.746 
301.632 
300.492 
301.549 
301.613 
301.613 
301.868 
302.001 
302.021 
301.891 
301.252 
300.133 
300.424 
301.003 
299.677 
299.539 
299.496 
299.473 
299.458 
299.536 
299.534 
299.403 
299.336 
299.115 
299.058 
299.318 
297.371 
297.329 
296.676 
296.768 
296.875 
297.486 
297.829 
297.898 
297.625 
298.893 
298.898 
297.443 
297.387 
297.384 
297.644 
298.077 
298.301 
298.392 
298.366 
298.456 
298.491 
298.625 
298.855 
298.43 
298.753 
299.054 
299.472 
299.949 
299.323 
300.461 
300.423 
300.623 
300.855 
301.304 
301.793 
302.066 
302.232 
301.845 
301.356 
301.41 
301.524 
301.493 
301.676 
301.765 
301.829 
300.972 
301.157 
301.668 
300.125 
301.322 
301.222 
301.593 
301.928 
300.271 
300.878 
299.782 
300.942 
300.123 
300.336 
301.18 
299.703 
299.584 
299.583 
299.664 
299.799 
299.883 
299.609 
299.393 
299.007 
298.969 
299.155 
297.312 
296.903 
296.749 
296.12 
296.639 
297.18 
297.724 
297.702 
297.73 
297.931 
297.329 
298.7 
297.613 
297.676 
297.678 
298.007 
298.761 
298.226 
298.333 
298.568 
298.779 
299.221 
299.109 
299.221 
299.134 
299.444 
299.897 
300.254 
300.057 
301.5 
300.579 
300.285 
300.478 
300.774 
301.083 
301.414 
301.586 
301.1 
301.121 
301.16 
301.259 
301.461 
301.7 
301.802 
301.813 
300.853 
301.228 
301.952 
301.477 
300.972 
300.873 
301.238 
301.713 
300.609 
300.815 
300.608 
300.28 
300.214 
300.999 
301.418 
300.789 
299.71 
299.668 
299.724 
299.841 
299.901 
299.519 
299.094 
298.833 
298.718 
298.711 
297.52 
297.271 
296.799 
296.404 
296.515 
296.968 
297.266 
297.473 
297.974 
297.827 
298.125 
298.006 
297.947 
297.721 
297.783 
298.057 
298.643 
298.342 
298.706 
298.774 
299.269 
299.175 
299.146 
299.978 
299.584 
301.249 
300.157 
300.396 
301.831 
301.877 
301.12 
298.732 
298.233 
300.368 
300.535 
300.863 
300.621 
300.653 
299.757 
300.333 
301.49 
301.562 
301.634 
301.072 
301.797 
301.829 
301.676 
301.642 
301.589 
300.954 
300.654 
301.037 
301.358 
300.237 
300.75 
300.553 
300.004 
300.427 
301.021 
301.236 
300.909 
300.637 
299.663 
299.649 
299.698 
299.533 
299.22 
298.884 
298.736 
298.554 
298.331 
296.771 
296.605 
297.063 
296.679 
296.834 
297.023 
296.87 
297.11 
297.621 
298.101 
298.137 
298.229 
298.261 
297.898 
298.194 
298.185 
298.004 
298.377 
299.004 
299.006 
299.679 
299.437 
299.473 
301.022 
301.244 
301.279 
300.088 
299.643 
301.902 
301.986 
301.405 
298.865 
298.185 
300.151 
299.457 
300.655 
300.288 
300.378 
300.973 
300.772 
300.583 
300.436 
300.929 
301.59 
301.73 
301.697 
300.683 
300.064 
300.396 
301.282 
300.849 
300.938 
299.794 
300.18 
301.493 
301.491 
301.073 
301.374 
300.93 
301.349 
300.984 
301.101 
300.112 
300.015 
300.174 
299.762 
298.831 
298.751 
298.636 
298.405 
298.122 
297.091 
296.489 
296.683 
296.651 
296.9 
296.922 
296.878 
296.761 
298.428 
298.222 
298.022 
297.871 
297.822 
298.304 
298.806 
298.891 
298.114 
298.404 
299.189 
299.245 
299.989 
299.744 
299.627 
300.317 
300.374 
301.333 
301.316 
301.568 
301.81 
301.972 
299.74 
299.329 
299.601 
298.438 
298.848 
300.443 
300.307 
299.504 
301.278 
300.656 
300.358 
300.178 
300.952 
300.387 
301.54 
301.708 
301.082 
301.379 
300.255 
301.284 
301.257 
301.16 
301.238 
301.213 
301.24 
301.32 
301.05 
300.924 
301.323 
300.806 
300.527 
300.922 
299.88 
299.749 
299.787 
299.213 
298.673 
298.666 
298.475 
298.038 
297.79 
297.912 
298.226 
296.937 
296.993 
297.553 
297.41 
297.525 
297.455 
297.438 
297.752 
297.873 
297.82 
298.249 
298.901 
299.206 
299.197 
298.395 
298.365 
298.952 
299.259 
300.01 
299.808 
299.786 
300.603 
301.53 
301.437 
300.136 
301.501 
299.877 
299.745 
299.915 
299.809 
300.042 
298.956 
300.192 
299.414 
299.292 
299.422 
301.195 
300.294 
300.34 
300.181 
300.17 
300.064 
300.395 
301.024 
301.221 
300.468 
301.284 
301.218 
299.948 
301.517 
301.717 
301.684 
301.329 
301.307 
301.257 
299.612 
299.894 
299.837 
300.182 
300.537 
300.066 
300.094 
300.189 
299.495 
298.667 
300.065 
299.411 
297.866 
297.68 
298.204 
298.329 
298.025 
297.498 
297.688 
297.925 
298.34 
298.074 
297.984 
297.268 
297.355 
297.662 
298.354 
299.015 
299.342 
299.437 
298.987 
298.297 
298.478 
299.003 
299.605 
299.521 
299.825 
300.768 
300.879 
299.832 
300.249 
300.317 
300.324 
300.204 
300.036 
300.387 
300.358 
299.424 
299.866 
298.712 
299.308 
299.442 
301.251 
299.942 
300.201 
300.376 
300.184 
300.259 
300.089 
300.007 
300.997 
300.548 
299.915 
299.55 
299.566 
299.728 
300.026 
302.043 
300.138 
299.966 
301.564 
300.902 
299.629 
299.967 
300.266 
300.558 
300.267 
300.251 
299.875 
299.589 
299.18 
298.721 
298.126 
297.83 
297.9 
298.298 
298.389 
298.515 
298.052 
297.342 
297.646 
297.968 
298.391 
298.317 
297.583 
296.828 
297.561 
298.226 
299.017 
299.29 
299.479 
299.378 
298.806 
298.488 
298.624 
300.629 
300.811 
299.809 
300.73 
300.929 
300.242 
299.895 
299.646 
299.974 
300.942 
300.623 
300.682 
300.958 
299.424 
298.556 
298.145 
299.148 
301.233 
299.862 
300.206 
300.028 
300.12 
300.247 
300.39 
300.494 
300.455 
300.623 
301.687 
299.651 
301.56 
299.47 
299.624 
301.501 
301.7 
301.838 
301.961 
301.978 
301.165 
300.774 
300.079 
300.403 
300.333 
300.246 
299.966 
299.771 
299.156 
298.468 
298.861 
298.149 
297.962 
298.29 
298.325 
298.625 
298.744 
298.776 
298.199 
297.175 
297.606 
297.75 
298.299 
297.621 
296.803 
297.235 
297.835 
298.916 
299.326 
299.49 
299.684 
299.507 
298.862 
298.638 
298.659 
298.859 
299.494 
300.685 
301.304 
301 
301.043 
300.815 
300.484 
301.433 
301.354 
301.173 
300.973 
299.612 
298.641 
298.219 
298.722 
300.056 
299.619 
300.4 
299.757 
299.996 
300.555 
300.197 
300.68 
301.794 
300.59 
300.051 
299.689 
299.463 
299.801 
299.848 
299.833 
301.597 
301.791 
301.945 
302.032 
301.693 
301.074 
300.094 
300.393 
300.712 
300.433 
300.009 
299.472 
298.476 
298.877 
298.625 
298.352 
298.351 
298.937 
298.648 
299.035 
299.12 
298.927 
298.24 
298.226 
298.121 
297.087 
297.342 
297.359 
297.607 
296.995 
297.942 
298.823 
299.517 
299.798 
299.876 
299.893 
299.306 
298.863 
298.834 
298.741 
298.995 
300.705 
301.399 
301.491 
301.274 
300.43 
300.703 
301.5 
301.608 
301.477 
301.325 
299.624 
298.321 
298.633 
299.325 
299.551 
299.799 
300.802 
299.78 
299.674 
300.678 
300.038 
300.47 
300.598 
300.164 
299.906 
299.588 
299.877 
300.15 
300.131 
301.499 
301.725 
301.841 
301.992 
300.982 
300.737 
300.492 
299.689 
300.423 
300.467 
299.885 
299.073 
298.882 
298.506 
298.804 
299.69 
298.474 
298.696 
299.297 
298.262 
298.92 
299.079 
298.956 
298.603 
298.329 
298.347 
298.617 
297.358 
297.005 
296.932 
297.178 
298.002 
298.741 
299.479 
299.787 
299.942 
300.014 
300.164 
300.398 
299.468 
299.246 
299.088 
300.218 
301.151 
301.317 
301.554 
301.068 
301.098 
301.651 
301.354 
301.483 
300.913 
299.533 
298.596 
298.681 
299.256 
299.076 
300.528 
301.292 
300.325 
300.206 
300.242 
300.193 
300.735 
300.525 
300.32 
300.115 
299.758 
300.138 
300.285 
300.125 
300.275 
299.879 
301.774 
299.946 
300.623 
302.288 
301.681 
301.137 
300.63 
300.236 
298.772 
298.92 
298.713 
298.715 
298.785 
298.63 
299.228 
298.908 
299.017 
297.019 
298.137 
298.536 
299.011 
298.81 
298.779 
298.428 
298.376 
299.069 
299.439 
297.98 
297.196 
298.01 
298.643 
300.411 
300.39 
299.33 
299.478 
300.002 
300.506 
299.937 
299.765 
299.668 
300.19 
301.086 
300.845 
300.848 
301.359 
300.963 
301.109 
301.787 
301.839 
301.783 
301.694 
301.366 
301.374 
300.361 
300.499 
301.239 
301.131 
300.619 
300.384 
299.743 
299.975 
300.813 
300.373 
300.191 
299.717 
299.81 
300.397 
300.249 
300.117 
301.412 
301.595 
301.991 
302.599 
302.854 
302.423 
301.837 
301.135 
301.679 
301.282 
298.958 
298.565 
299.305 
298.883 
298.884 
299.705 
300.265 
299.767 
299.171 
295.508 
296.795 
297.719 
298.534 
298.664 
298.422 
298.481 
298.965 
299.172 
299.2 
298.859 
297.922 
298.014 
298.224 
298.603 
298.276 
297.654 
297.852 
299.037 
299.795 
300.776 
300.277 
300.108 
300.144 
300.684 
300.368 
300.988 
300.82 
300.627 
300.519 
300.705 
300.619 
299.93 
299.953 
300.787 
302.16 
302.814 
302.333 
301.629 
300.761 
300.858 
300.202 
299.83 
299.517 
300.367 
299.978 
299.842 
299.899 
300.149 
300.623 
300.35 
300.024 
300.209 
300.937 
301.878 
302.536 
302.951 
302.849 
302.297 
302.041 
302.509 
301.908 
300.837 
299.021 
299.626 
299.277 
299.697 
299.978 
301.441 
300.305 
299.333 
294.242 
295.51 
296.68 
297.751 
297.917 
298.255 
298.566 
299.312 
299.503 
299.413 
298.784 
298.013 
298.429 
298.591 
298.442 
298.527 
297.607 
297.139 
297.6 
298.329 
299.809 
300.577 
300.602 
300.416 
300.182 
299.703 
299.126 
298.975 
299.245 
299.494 
299.484 
298.813 
297.726 
297.033 
297.872 
299.61 
301.094 
301.471 
301.161 
300.868 
300.637 
300.064 
299.995 
299.413 
299.965 
299.46 
299.661 
299.796 
300.057 
300.482 
300.312 
300.436 
300.265 
300.963 
300.647 
301.744 
301.544 
300.238 
302.323 
301.468 
303.236 
302.786 
301.713 
299.722 
299.662 
300.157 
300.16 
300.708 
300.933 
301.104 
300.554 
294.006 
294.336 
295.111 
296.136 
297.198 
297.566 
297.787 
298.508 
298.965 
299.131 
298.597 
297.449 
297.748 
298.799 
298.511 
298.117 
298.521 
297.756 
297.097 
297.301 
298.186 
299.294 
300.336 
300.16 
299.947 
298.86 
297.19 
296.18 
296.465 
297.525 
297.689 
296.939 
296.044 
295.308 
295.575 
297.704 
299.817 
300.804 
301.035 
301.001 
300.633 
300.047 
300.582 
300.117 
299.747 
300.024 
301.005 
300.836 
300.303 
300.496 
300.472 
300.372 
299.743 
300.006 
300.375 
301.137 
301.073 
301.648 
301.969 
303.376 
302.788 
302.842 
302.398 
301.909 
301.147 
301.413 
301.034 
300.273 
300.883 
300.612 
301.041 
293.781 
293.686 
294.165 
294.991 
296.065 
296.767 
296.898 
296.836 
298.005 
299.678 
298.958 
297.965 
297.774 
298.235 
298.787 
298.096 
298.621 
299.198 
297.826 
296.928 
297.11 
297.881 
299.096 
299.415 
299.748 
298.74 
296.754 
294.749 
294.188 
295.153 
295.257 
294.218 
293.625 
293.234 
293.723 
296.043 
298.422 
299.756 
300.514 
300.966 
301.076 
300.094 
300.752 
300.462 
301.155 
300.402 
300.459 
301.014 
300.024 
299.983 
300.377 
300.467 
300.205 
300.599 
300.531 
300.692 
300.259 
300.894 
302.141 
302.404 
302.283 
302.035 
302.029 
302.56 
302.348 
302.083 
301.572 
300.192 
300.249 
300.286 
299.861 
293.983 
293.634 
293.927 
294.225 
295.034 
296.015 
296.468 
296.548 
296.812 
298.885 
298.918 
298.678 
298.296 
297.856 
297.892 
298.08 
297.469 
298.653 
298.326 
298.14 
297.406 
297.248 
297.256 
298.249 
298.713 
298.701 
297.592 
295.72 
294.043 
293.737 
293.483 
292.233 
291.194 
291.139 
292.812 
295.604 
297.839 
299.22 
300.222 
300.783 
301.347 
301.624 
301.358 
301.123 
301.068 
300.931 
300.648 
300.078 
299.378 
298.957 
299.699 
300.422 
302.035 
299.881 
300.765 
300.827 
300.732 
300.623 
301.141 
301.538 
301.199 
300.416 
300.823 
302.295 
303.204 
303.067 
301.636 
300.594 
300.603 
301.224 
300.87 
293.995 
293.399 
293.654 
293.711 
294.228 
295.139 
295.873 
296.087 
296.813 
297.254 
298.201 
298.278 
298.145 
297.061 
297.172 
297.589 
298.023 
297.255 
297.824 
298.944 
298.642 
297.779 
296.406 
296.3 
296.797 
297.487 
297.66 
296.568 
294.998 
294.042 
293.356 
292.255 
291.007 
290.896 
292.776 
295.561 
297.664 
299.049 
300.1 
301.008 
301.693 
302.083 
301.93 
301.691 
301.565 
300.633 
301.499 
300.657 
299.312 
299.319 
299.862 
300.088 
300.59 
299.989 
301.078 
300.998 
299.838 
299.463 
299.656 
300.115 
299.459 
298.962 
299.992 
301.627 
303.033 
303.096 
302.949 
302.575 
302.422 
302.58 
302.121 
