297.376 
297.472 
297.555 
297.637 
297.676 
297.64 
297.583 
297.572 
297.587 
297.552 
297.461 
297.416 
297.481 
297.572 
297.621 
297.62 
297.607 
297.588 
297.576 
297.544 
297.498 
297.42 
297.314 
297.249 
297.21 
297.18 
297.188 
297.258 
297.371 
297.439 
297.451 
297.462 
297.47 
297.467 
297.451 
297.456 
297.494 
297.534 
297.573 
297.617 
297.673 
297.721 
297.737 
297.715 
297.666 
297.615 
297.572 
297.534 
297.48 
297.412 
297.375 
297.426 
297.514 
297.554 
297.572 
297.629 
297.703 
297.751 
297.775 
297.803 
297.843 
297.872 
297.877 
297.864 
297.845 
297.839 
297.853 
297.87 
297.878 
297.881 
297.889 
297.08 
297.424 
297.474 
297.543 
297.596 
297.53 
297.457 
297.49 
297.558 
297.54 
297.451 
297.414 
297.457 
297.507 
297.529 
297.542 
297.552 
297.494 
297.449 
297.431 
297.381 
297.347 
297.28 
297.22 
297.186 
297.206 
297.279 
297.384 
297.47 
297.502 
297.5 
297.477 
297.442 
297.439 
297.444 
297.456 
297.5 
297.555 
297.601 
297.629 
297.663 
297.699 
297.71 
297.699 
297.663 
297.621 
297.584 
297.534 
297.444 
297.356 
297.344 
297.441 
297.552 
297.604 
297.635 
297.688 
297.74 
297.772 
297.806 
297.847 
297.878 
297.89 
297.883 
297.864 
297.847 
297.844 
297.857 
297.872 
297.882 
297.887 
297.89 
296.914 
297.043 
297.307 
297.359 
297.396 
297.494 
297.482 
297.431 
297.418 
297.449 
297.518 
297.503 
297.449 
297.447 
297.464 
297.49 
297.487 
297.435 
297.383 
297.375 
297.342 
297.343 
297.318 
297.294 
297.253 
297.266 
297.361 
297.491 
297.539 
297.51 
297.506 
297.478 
297.428 
297.425 
297.431 
297.437 
297.502 
297.585 
297.625 
297.633 
297.648 
297.671 
297.674 
297.661 
297.639 
297.624 
297.594 
297.516 
297.396 
297.324 
297.367 
297.497 
297.607 
297.664 
297.697 
297.73 
297.762 
297.798 
297.847 
297.882 
297.891 
297.888 
297.874 
297.857 
297.847 
297.847 
297.854 
297.86 
297.864 
297.868 
297.872 
297.584 
297.15 
297.053 
297.3 
297.259 
297.261 
297.46 
297.487 
297.351 
297.35 
297.517 
297.646 
297.572 
297.449 
297.421 
297.415 
297.36 
297.341 
297.338 
297.348 
297.37 
297.395 
297.37 
297.305 
297.248 
297.294 
297.397 
297.517 
297.556 
297.488 
297.453 
297.446 
297.427 
297.411 
297.407 
297.436 
297.518 
297.591 
297.614 
297.623 
297.64 
297.663 
297.656 
297.618 
297.59 
297.59 
297.562 
297.475 
297.372 
297.349 
297.433 
297.562 
297.653 
297.693 
297.707 
297.713 
297.728 
297.767 
298.068 
297.835 
297.831 
297.83 
297.831 
297.838 
297.845 
297.848 
297.848 
297.84 
297.831 
297.837 
297.852 
297.731 
297.767 
297.534 
297.226 
297.392 
297.46 
297.333 
297.323 
297.423 
297.543 
297.586 
297.536 
297.44 
297.363 
297.335 
297.329 
297.274 
297.269 
297.305 
297.335 
297.354 
297.37 
297.362 
297.282 
297.129 
297.123 
297.314 
297.461 
297.457 
297.435 
297.433 
297.417 
297.407 
297.365 
297.373 
297.469 
297.568 
297.6 
297.596 
297.609 
297.648 
297.675 
297.64 
297.562 
297.529 
297.552 
297.542 
297.473 
297.408 
297.419 
297.506 
297.628 
297.704 
297.719 
297.72 
297.736 
297.786 
297.86 
297.902 
297.91 
297.9 
297.876 
297.834 
297.8 
297.821 
297.838 
297.832 
297.811 
297.805 
297.819 
297.851 
299.42 
298.043 
297.724 
297.791 
297.643 
297.561 
297.494 
297.419 
297.554 
297.679 
297.627 
297.513 
297.449 
297.443 
297.453 
297.456 
297.441 
297.777 
297.79 
297.762 
297.721 
297.455 
297.523 
297.577 
297.331 
296.885 
296.902 
297.312 
297.416 
297.354 
297.398 
297.435 
297.397 
297.318 
297.354 
297.514 
297.631 
297.627 
297.589 
297.595 
297.65 
297.671 
297.598 
297.496 
297.477 
297.54 
297.569 
297.521 
297.469 
297.47 
297.536 
297.645 
297.72 
297.715 
297.695 
297.713 
297.758 
297.776 
297.952 
297.85 
297.754 
297.737 
297.803 
297.675 
297.767 
297.822 
297.792 
297.792 
297.788 
297.831 
297.865 
300.761 
300.472 
299.262 
298.287 
297.829 
297.69 
297.535 
297.568 
297.778 
297.8 
297.744 
297.641 
297.577 
297.567 
297.52 
297.494 
297.491 
297.516 
297.575 
297.715 
297.872 
298.068 
298.238 
298.28 
301.755 
299.689 
296.663 
296.908 
297.093 
297.26 
297.365 
297.419 
297.373 
297.345 
297.376 
297.54 
297.662 
297.65 
297.593 
297.587 
297.629 
297.618 
297.503 
297.391 
297.383 
297.477 
297.522 
297.465 
297.403 
297.398 
297.471 
297.588 
297.64 
297.625 
297.648 
297.721 
297.782 
297.816 
297.851 
297.965 
298.205 
298.589 
303.168 
302.087 
301.187 
297.713 
297.83 
297.773 
297.819 
297.851 
297.886 
307.666 
300.659 
301.165 
301.45 
299.955 
298.269 
297.608 
297.678 
297.519 
297.337 
297.286 
297.257 
297.32 
297.363 
297.422 
297.499 
297.58 
297.636 
297.777 
297.967 
298.144 
298.258 
298.253 
298.272 
302.297 
300.698 
297.12 
297.145 
297.195 
297.448 
300.841 
297.147 
297.383 
297.341 
297.492 
297.587 
297.663 
297.665 
297.616 
297.596 
297.592 
297.519 
297.363 
297.242 
297.288 
297.468 
297.517 
297.386 
297.247 
297.197 
297.239 
297.351 
297.473 
297.581 
297.732 
297.885 
297.983 
298.086 
298.215 
298.398 
298.526 
298.452 
298.213 
297.9 
297.76 
297.748 
297.808 
297.8 
297.86 
297.884 
297.904 
300.68 
300.896 
300.903 
300.961 
301.419 
302.263 
304.283 
298.197 
298.096 
302.677 
303.056 
302.979 
302.806 
302.439 
302.784 
302.847 
302.734 
303.379 
304.392 
305.411 
306.41 
305.209 
303.196 
303.36 
303.457 
302.722 
301.734 
301.051 
300.684 
297.149 
296.915 
296.815 
297.249 
297.373 
297.568 
297.645 
297.65 
297.648 
297.604 
297.551 
297.51 
297.408 
297.258 
297.175 
297.251 
297.4 
297.405 
297.307 
297.276 
297.317 
297.324 
297.301 
297.311 
297.376 
297.585 
297.959 
298.199 
298.291 
298.344 
298.261 
298.109 
297.944 
297.786 
297.726 
297.744 
297.77 
297.789 
297.841 
297.89 
297.91 
297.903 
300.761 
300.819 
300.97 
301.162 
301.323 
301.343 
301.788 
301.957 
301.528 
301.66 
301.152 
300.863 
301.378 
307.09 
306.755 
306.081 
306.662 
307.849 
308.216 
308.55 
308.928 
307.675 
307.167 
306.804 
306.602 
305.093 
303.377 
302.257 
301.92 
301.188 
299.663 
296.715 
297.13 
297.515 
297.578 
297.676 
297.945 
297.606 
297.568 
297.503 
297.461 
297.381 
297.26 
297.18 
297.191 
297.29 
297.401 
297.475 
297.561 
297.628 
297.658 
297.637 
297.567 
297.48 
297.376 
297.435 
297.801 
297.978 
297.908 
297.78 
297.652 
297.588 
297.819 
297.719 
297.781 
297.75 
297.801 
297.852 
297.913 
297.917 
297.894 
300.796 
300.934 
301.05 
301.217 
301.393 
301.616 
301.805 
301.884 
301.897 
301.615 
301.823 
302.063 
301.584 
301.785 
308.588 
308.639 
308.811 
308.748 
308.653 
308.432 
308.667 
308.511 
308.6 
308.842 
308.752 
307.748 
305.466 
303.926 
303.131 
302.424 
301.237 
300.151 
300.069 
297.378 
297.551 
297.586 
297.91 
297.804 
297.467 
297.419 
297.383 
297.343 
297.257 
297.215 
297.305 
297.457 
297.617 
297.707 
297.764 
297.83 
297.874 
297.864 
297.822 
297.748 
297.604 
297.384 
297.235 
297.302 
297.518 
297.665 
297.735 
297.881 
298.006 
301.379 
297.664 
297.843 
297.753 
297.848 
297.901 
297.926 
297.899 
300.895 
301.059 
301.219 
301.412 
301.635 
301.847 
301.986 
302.175 
302.086 
301.671 
301.62 
301.607 
301.542 
301.504 
301.947 
302.47 
302.007 
301.726 
301.885 
301.959 
308.836 
308.87 
308.632 
308.799 
308.611 
307.391 
306.674 
304.912 
303.011 
303.007 
302.608 
301.689 
301.37 
301.708 
301.727 
301.331 
300.767 
297.368 
297.464 
297.466 
297.522 
297.492 
297.465 
297.448 
297.619 
297.776 
297.841 
297.893 
297.966 
298.408 
298.456 
298.437 
298.007 
297.907 
297.832 
297.73 
297.53 
297.31 
297.18 
297.462 
297.853 
297.884 
297.853 
297.783 
297.757 
297.832 
297.771 
297.829 
297.844 
297.888 
297.888 
301.008 
301.205 
301.439 
301.662 
301.872 
302.188 
302.497 
302.767 
302.56 
301.888 
301.782 
301.826 
301.664 
301.5 
301.89 
302.355 
301.702 
301.844 
301.961 
302.068 
308.823 
308.995 
309.066 
308.749 
309.009 
307.628 
306.301 
305.263 
302.929 
301.843 
302.968 
302.885 
303.504 
303.445 
302.798 
302.074 
301.673 
301.343 
301.241 
300.378 
297.398 
297.452 
297.423 
297.485 
297.619 
298.043 
298.157 
298.36 
298.583 
298.787 
298.945 
298.987 
298.699 
297.889 
297.754 
297.915 
297.81 
297.65 
297.365 
297.173 
297.524 
297.779 
297.722 
297.759 
297.783 
297.792 
297.821 
297.868 
297.885 
297.888 
297.88 
301.039 
301.286 
301.579 
301.816 
301.91 
302.184 
302.559 
302.94 
302.571 
301.944 
302.186 
302.426 
302.042 
301.71 
302.024 
302.394 
301.533 
301.972 
308.57 
308.752 
308.759 
308.727 
308.799 
308.739 
308.635 
307.812 
306.039 
304.975 
303.889 
302.805 
303.328 
304.277 
304.256 
304.136 
303.832 
303.428 
303.014 
302.294 
301.635 
301.268 
301.212 
301.373 
301.649 
301.887 
301.841 
302.374 
303.113 
303.771 
304.607 
305.215 
305.343 
304.87 
303.59 
301.319 
297.543 
298.021 
298.121 
297.816 
297.454 
297.189 
297.153 
297.582 
297.784 
297.768 
297.782 
297.817 
298.126 
297.905 
297.926 
297.93 
297.927 
301.016 
301.152 
301.37 
301.598 
301.628 
301.86 
302.24 
302.644 
302.063 
301.778 
302.43 
302.881 
302.092 
301.841 
302.103 
302.313 
308.294 
308.537 
308.49 
308.485 
308.707 
308.312 
308.219 
308.073 
308.836 
308.281 
308.118 
306.671 
304.75 
303.004 
303.732 
304.766 
304.694 
304.329 
303.954 
303.729 
303.368 
302.694 
302.617 
302.734 
302.901 
302.937 
302.966 
303.175 
303.566 
304.213 
304.943 
305.666 
306.362 
306.639 
306.365 
305.843 
304.688 
301.969 
300.727 
300.909 
298.013 
297.785 
297.568 
297.392 
297.134 
297.281 
297.606 
297.766 
297.836 
297.859 
298.175 
298.19 
298.194 
297.926 
297.918 
301.008 
300.948 
301.035 
301.234 
301.341 
301.594 
301.931 
302.251 
301.889 
301.707 
302.43 
302.919 
301.977 
301.996 
302.241 
308.882 
308.457 
307.679 
307.837 
308.721 
308.644 
308.379 
308.367 
308.097 
308.523 
308.587 
308.688 
308.574 
306.253 
303.642 
303.847 
304.889 
304.586 
304.689 
304.251 
304.108 
303.854 
302.993 
302.583 
303.007 
303.126 
303.367 
303.514 
303.916 
304.412 
305.513 
306.159 
306.518 
307.201 
307.306 
305.77 
305.558 
305.254 
303.842 
302.508 
301.872 
300.896 
300.304 
300.66 
300.666 
297.409 
297.416 
297.42 
297.436 
297.695 
297.929 
298.207 
298.253 
298.233 
297.947 
297.934 
300.997 
300.917 
300.941 
301.062 
301.223 
301.477 
301.793 
302.078 
302.004 
301.953 
308.798 
308.955 
308.567 
308.605 
308.578 
308.764 
308.534 
308.492 
308.048 
308.516 
308.124 
308.106 
308.012 
307.734 
307.878 
307.712 
308.305 
307.78 
306.807 
304.592 
303.278 
304.839 
305.398 
305.037 
304.088 
303.478 
303.201 
302.584 
302.165 
302.963 
303.826 
304.228 
304.441 
304.887 
305.188 
305.998 
306.719 
307.083 
307.993 
308.312 
307.555 
305.825 
305.53 
304.686 
303.628 
302.517 
300.797 
300.082 
300.84 
301.924 
302.14 
302.463 
301.973 
300.795 
300.322 
297.768 
298.006 
298.211 
298.225 
298.159 
297.885 
300.963 
300.987 
301.071 
301.158 
301.308 
301.518 
301.799 
302.185 
308.901 
308.823 
308.755 
308.85 
308.453 
308.119 
308.069 
308.691 
308.393 
308.31 
307.793 
307.984 
308.339 
308.279 
307.879 
308.183 
308.454 
307.444 
307.4 
307.752 
306.302 
305.034 
304.113 
304.307 
305.011 
304.662 
304.214 
303.532 
303.175 
302.69 
301.535 
302.2 
303.618 
304.538 
305.091 
305.606 
306.187 
306.808 
307.316 
307.773 
308.099 
308.623 
307.551 
305.438 
304.498 
304.146 
303.332 
302.747 
301.059 
300.286 
300.753 
302.329 
302.921 
303.492 
302.746 
301.713 
300.719 
300.299 
297.616 
297.813 
297.906 
297.915 
297.838 
301.057 
301.057 
301.177 
301.245 
301.378 
301.577 
301.852 
308.34 
308.152 
308.748 
308.791 
308.777 
308.236 
308.329 
308.041 
308.138 
307.533 
308.249 
307.468 
307.595 
308.43 
308.734 
307.802 
307.935 
308.354 
307.743 
307.164 
306.9 
305.838 
304.454 
304.535 
304.958 
305.336 
304.863 
304.236 
303.677 
303.753 
304.042 
303.263 
302.253 
303.356 
304.702 
305.509 
306.134 
306.691 
306.903 
307.332 
307.979 
308.88 
308.976 
308.01 
305.052 
303.138 
303.615 
303.189 
303.214 
303.022 
301.788 
300.935 
301.117 
301.307 
301.639 
302.225 
302 
302.033 
301.673 
301.623 
301.755 
301.199 
297.788 
297.723 
301.4 
301.136 
301.256 
301.365 
301.519 
301.659 
301.885 
308.196 
308.139 
308.655 
308.56 
307.854 
308.657 
308.307 
308.027 
308.112 
308.298 
307.646 
307.656 
307.3 
307.854 
308.475 
307.933 
308.717 
308.786 
307.635 
306.931 
306.092 
305.489 
304.9 
304.303 
304.738 
305.232 
304.822 
303.911 
303.964 
304.199 
303.572 
304.175 
304.576 
303.003 
304.052 
305.875 
306.422 
306.984 
307.391 
307.729 
308.087 
309.176 
309.377 
308.103 
305.509 
303.7 
303.223 
302.581 
302.755 
304.468 
304.216 
302.779 
301.632 
300.985 
301.022 
301.514 
302.329 
302.99 
303.19 
303.09 
301.509 
297.865 
297.969 
298.199 
302.269 
301.294 
301.291 
301.426 
301.605 
301.697 
308.175 
308.103 
307.967 
308.189 
307.77 
307.905 
308.049 
308.051 
307.807 
308.052 
308.264 
307.672 
307.004 
306.877 
306.562 
307.954 
307.748 
308.599 
308.762 
308.139 
307.361 
306.564 
306.122 
306.3 
305.733 
304.589 
303.721 
302.854 
302.461 
303.608 
304.963 
305.748 
305.952 
306.476 
305.557 
304.56 
306.314 
306.638 
307.055 
307.539 
307.842 
308.356 
309.467 
310.06 
308.918 
306.802 
305.318 
303.93 
302.941 
303.838 
305.661 
306.007 
306.141 
305.084 
303.558 
302.75 
302.449 
303.028 
303.241 
303.146 
298.42 
302.116 
298.266 
298.531 
298.767 
302.942 
301.876 
301.484 
301.481 
308.272 
308.209 
308.064 
308.028 
308.935 
308.98 
308.785 
308.684 
308.728 
308.769 
308.666 
308.512 
307.444 
307.577 
308.319 
307.035 
306.742 
307.949 
307.658 
308.287 
308.616 
308.767 
307.598 
307.812 
307.691 
307.53 
306.945 
305.503 
303.599 
302.386 
302.062 
303.183 
305.179 
306.822 
307.574 
307.443 
307.285 
305.698 
306.425 
306.942 
307.314 
307.668 
307.991 
308.688 
309.601 
309.422 
308.059 
307.373 
306.692 
305.49 
304.72 
305.69 
307.373 
307.937 
307.879 
306.883 
305.631 
304.317 
303.519 
303.333 
303.295 
303.223 
302.655 
298.547 
303.705 
299.269 
305.769 
302.864 
302.798 
308.32 
308.267 
308.009 
308.569 
308.258 
308.801 
308.767 
308.894 
307.894 
307.811 
308.616 
308.775 
308.71 
308.381 
308.303 
308.364 
308.522 
308.235 
307.589 
308.105 
308.137 
307.484 
308.396 
308.684 
308.746 
308.409 
308.754 
308.743 
308.026 
306.521 
304.8 
302.992 
301.941 
302.577 
304.79 
306.567 
307.885 
308.567 
308.665 
307.473 
306.815 
307.068 
307.506 
307.565 
308.301 
308.923 
308.779 
307.991 
307.717 
307.284 
307.455 
307.24 
306.452 
307.141 
307.91 
308 
307.841 
307.188 
306.301 
305.14 
304.392 
304.062 
303.689 
303.503 
298.652 
299.094 
299.598 
300.373 
308.187 
308.563 
308.62 
307.474 
308.428 
308.09 
308.08 
308.538 
308.157 
307.97 
308.848 
308.937 
308.78 
308.604 
308.781 
308.75 
308.28 
307.828 
307.955 
308.316 
308.218 
308.437 
307.768 
307.914 
308.388 
308.474 
308.651 
308.639 
308.61 
308.488 
308.514 
308.153 
306.313 
305.721 
304.281 
302.777 
302.765 
304.116 
305.73 
307.019 
308.513 
308.676 
308.677 
307.871 
307.464 
307.039 
307.924 
308.736 
308.638 
307.792 
307.119 
307.601 
308.265 
308.462 
308.621 
307.888 
308.079 
307.843 
307.537 
307.256 
306.803 
306.175 
305.47 
305.049 
304.742 
304.357 
303.537 
298.615 
299.473 
300.292 
301.427 
301.811 
308.694 
308.501 
306.651 
308.227 
308.3 
308.025 
308.129 
307.714 
307.967 
308.122 
308.798 
308.687 
308.558 
308.733 
308.773 
308.33 
306.762 
307.827 
307.977 
307.911 
308.368 
308.612 
308.604 
308.552 
308.612 
308.598 
308.566 
308.504 
307.415 
307.164 
307.116 
307.213 
307.127 
306.758 
305.789 
304.955 
305.759 
306.5 
307.632 
308.585 
308.027 
308.293 
308.29 
308.323 
307.891 
308.563 
309.083 
308.667 
307.608 
307.788 
308.014 
309.013 
309.327 
309.774 
308.622 
308.213 
307.931 
307.404 
306.967 
306.493 
306.094 
305.779 
305.496 
305.161 
304.837 
303.898 
303.94 
306.437 
300.606 
301.351 
301.1 
308.923 
308.134 
304.408 
308.277 
308.48 
308.137 
308.253 
308.609 
308.964 
308.896 
308.74 
308.623 
307.507 
308.641 
308.729 
308.42 
307.546 
307.214 
307.365 
307.033 
308.339 
308.598 
308.552 
308.575 
308.585 
308.495 
308.353 
308.37 
308.218 
307.141 
306.753 
307.266 
307.978 
308.411 
307.515 
307.505 
307.794 
308.312 
308.869 
308.88 
308.753 
307.675 
308.434 
308.659 
309.121 
308.878 
309.468 
309.247 
308.528 
308.714 
309.218 
309.459 
309.62 
309.919 
309.084 
308.171 
308.047 
307.606 
307.157 
306.634 
306.294 
306.039 
305.757 
305.464 
305.272 
304.879 
305.753 
300.933 
301.218 
308.077 
307.451 
309.192 
308.854 
307.207 
308.767 
307.966 
307.915 
308.047 
308.03 
308.847 
308.844 
308.65 
307.531 
308.589 
307.896 
307.918 
307.663 
307.54 
307.582 
308.428 
307.079 
308.436 
308.631 
308.531 
308.543 
308.569 
308.488 
307.382 
308.285 
308.341 
307.565 
307.506 
307.664 
308.416 
308.855 
308.884 
308.81 
309.118 
309.196 
309.332 
309.303 
308.979 
308.184 
309.261 
309.064 
309.505 
309.622 
309.724 
309.649 
309.28 
309.506 
309.558 
309.433 
309.541 
309.679 
309.241 
308.278 
307.95 
307.694 
307.325 
306.912 
306.582 
306.403 
306.208 
306.17 
306.146 
306.173 
300.657 
301.002 
302.172 
308.747 
307.863 
309.009 
308.66 
307.284 
308.436 
308.964 
308.112 
308.771 
308.752 
308.732 
308.783 
307.58 
307.625 
307.384 
308.741 
307.768 
307.65 
307.599 
308.411 
308.254 
307.375 
308.513 
308.562 
308.359 
308.484 
308.566 
308.47 
308.453 
308.45 
308.501 
308.552 
308.509 
308.499 
308.7 
308.811 
308.853 
309.123 
309.359 
309.163 
309.285 
309.258 
309.239 
308.939 
309.647 
308.557 
309.418 
310.177 
309.781 
309.735 
309.409 
309.318 
309.372 
309.476 
309.563 
309.547 
309.255 
308.432 
307.997 
307.836 
307.526 
307.275 
307.007 
306.72 
300.589 
300.674 
300.791 
300.785 
300.552 
301.044 
302.52 
303.321 
309.463 
308.055 
308.6 
309.337 
308.874 
309.115 
308.533 
307.45 
307.923 
307.633 
307.643 
307.688 
308.643 
307.447 
308.666 
308.701 
308.558 
307.442 
308.416 
308.625 
307.511 
308.526 
308.543 
307.305 
308.431 
308.548 
308.476 
308.495 
308.558 
308.573 
308.526 
308.503 
308.646 
308.786 
308.755 
308.904 
309.252 
309.29 
309.195 
309.33 
309.253 
309.343 
309.362 
309.874 
308.658 
308.91 
310.164 
309.895 
309.695 
309.596 
309.127 
309 
309.365 
309.648 
309.614 
309.277 
308.581 
308.157 
308.182 
307.975 
307.638 
307.194 
306.557 
300.275 
300.645 
300.602 
300.591 
300.469 
301.01 
302.359 
303.452 
308.658 
308.948 
309.24 
309.108 
308.812 
309.076 
307.944 
308.51 
307.876 
307.831 
307.601 
307.703 
307.771 
307.564 
307.689 
307.52 
308.485 
308.385 
308.436 
308.577 
306.981 
308.517 
308.459 
307.36 
307.384 
308.521 
308.434 
308.559 
308.629 
308.597 
308.382 
308.329 
308.504 
308.62 
308.721 
308.99 
309.259 
309.225 
309.284 
309.358 
309.207 
309.402 
309.563 
309.836 
309.587 
309.926 
310.003 
310 
309.766 
309.513 
309.169 
308.975 
309.32 
309.6 
309.5 
309.289 
308.876 
308.346 
308.447 
308.15 
307.626 
307.136 
306.682 
306.428 
300.526 
300.511 
300.451 
300.428 
301.066 
302.459 
309.22 
303.567 
308.001 
309.09 
309.168 
308.776 
309.033 
308.943 
307.498 
307.583 
308.21 
307.972 
307.816 
308.834 
307.645 
307.773 
307.847 
307.587 
307.232 
308.345 
308.486 
307.399 
308.39 
307.167 
306.228 
307.997 
308.271 
308.193 
308.371 
308.567 
308.641 
307.772 
308.253 
308.354 
308.585 
308.891 
309.173 
309.31 
309.259 
309.427 
309.389 
309.237 
309.388 
309.49 
309.762 
309.657 
309.88 
309.678 
309.643 
309.623 
309.313 
309.314 
309.277 
309.504 
309.314 
309.147 
309.382 
309.42 
309.087 
308.586 
308.348 
307.879 
307.487 
307.376 
300.649 
300.38 
300.381 
300.357 
300.484 
301.142 
302.505 
303.045 
303.51 
308.23 
308.405 
309.035 
308.737 
308.296 
307.663 
307.448 
307.429 
307.831 
307.945 
307.912 
307.944 
307.8 
307.788 
307.837 
308.572 
308.418 
307.205 
307.4 
308.271 
308.265 
305.738 
304.815 
306.52 
306.638 
306.515 
307.849 
307.956 
308.079 
308.113 
307.837 
308.356 
308.319 
308.744 
309.168 
309.357 
309.338 
309.529 
309.408 
309.357 
309.111 
309.178 
309.339 
309.332 
309.85 
309.684 
309.487 
309.556 
309.451 
309.588 
309.394 
309.428 
309.113 
309.171 
309.451 
309.644 
309.636 
308.85 
308.533 
308.081 
307.755 
300.721 
300.357 
300.376 
300.457 
300.342 
300.487 
301.191 
302.339 
303.018 
303.498 
308.2 
308.527 
308.356 
308.448 
308.24 
307.829 
307.537 
307.442 
307.677 
307.881 
307.864 
308.075 
307.953 
308.014 
308.088 
307.799 
307.534 
307.684 
307.853 
307.382 
308.365 
306.617 
305.039 
305.485 
306.624 
306.048 
306.338 
305.808 
305.601 
305.699 
306.939 
306.489 
306.603 
307.728 
307.956 
309.532 
309.688 
309.872 
309.716 
309.781 
309.512 
309.051 
309.048 
309.323 
309.621 
309.503 
309.438 
309.573 
309.716 
309.956 
309.63 
309.281 
309.12 
309.392 
309.418 
309.473 
309.51 
309.244 
308.998 
308.577 
307.992 
300.405 
300.432 
300.338 
300.19 
300.283 
300.691 
301.1 
302.174 
302.909 
303.279 
308.541 
308.473 
308.088 
308.27 
308.203 
308.043 
307.987 
307.531 
307.672 
307.852 
307.885 
308.034 
308.062 
308.141 
308.225 
307.94 
307.138 
307.621 
307.484 
307.523 
308.479 
308.208 
307.402 
307.045 
307.238 
307.091 
305.323 
304.526 
303.856 
303.537 
303.897 
304.255 
304.643 
305.727 
307.402 
308.672 
309.541 
309.769 
309.587 
309.476 
309.597 
309.24 
309.103 
309.143 
309.274 
309.308 
309.363 
309.437 
309.753 
309.959 
310.056 
309.699 
309.493 
309.421 
309.356 
309.416 
309.536 
309.657 
308.363 
307.754 
300.532 
300.07 
300.132 
300.192 
306.426 
306.158 
300.302 
301.051 
302.181 
302.86 
303.066 
308.374 
308.043 
308.452 
308.508 
308.152 
308.037 
307.793 
307.536 
307.638 
307.836 
307.911 
307.84 
307.661 
308.243 
308.909 
307.678 
307.497 
307.078 
307.518 
307.415 
308.368 
308.582 
307.504 
307.441 
306.891 
307.151 
305.25 
303.966 
303.16 
302.709 
302.511 
302.27 
302.665 
304.141 
305.752 
307.097 
308.416 
309.465 
308.754 
309.609 
309.659 
309.375 
309.33 
309.388 
309.484 
309.327 
309.29 
309.34 
309.737 
309.685 
309.871 
310.061 
309.542 
309.31 
309.447 
309.416 
309.241 
309.296 
308.415 
307.527 
306.826 
306.064 
306.143 
306.517 
307.329 
307.028 
306.794 
301.084 
302.395 
302.909 
303.117 
307.876 
308.047 
308.283 
308.346 
308.154 
308.139 
307.91 
307.547 
307.686 
307.907 
307.957 
307.925 
307.783 
308.832 
308.776 
307.834 
307.621 
307.433 
308.532 
307.353 
307.263 
308.513 
308.538 
307.384 
307.33 
307.245 
306.141 
304.522 
303.383 
302.67 
301.826 
301.287 
301.838 
303.136 
303.932 
304.698 
306.5 
308.504 
309.343 
309.809 
309.652 
309.463 
309.412 
309.414 
309.483 
309.394 
309.345 
309.432 
309.695 
309.63 
309.595 
309.839 
309.358 
309.394 
309.44 
309.352 
309.085 
309.123 
308.66 
307.83 
307.301 
307.11 
307.382 
307.776 
307.884 
307.406 
301.103 
301.331 
302.493 
302.942 
303.228 
307.927 
308.063 
308.356 
308.419 
308.342 
308.339 
308.018 
307.606 
307.65 
307.937 
307.939 
307.908 
308.443 
307.815 
307.755 
308.769 
307.612 
308.426 
307.808 
308.309 
307.23 
308.398 
308.366 
307.506 
307.891 
307.643 
307.652 
305.981 
305.027 
303.757 
301.99 
301.045 
301.85 
303.043 
303.414 
303.5 
305.279 
307.44 
309.326 
309.86 
309.573 
309.418 
309.296 
309.271 
309.203 
309.231 
309.302 
309.44 
309.665 
309.517 
309.533 
309.635 
309.223 
309.413 
309.245 
309.545 
307.891 
308.871 
309.091 
308.387 
308.307 
308.476 
308.692 
308.516 
307.899 
306.59 
300.715 
301.801 
302.212 
302.68 
303.113 
307.761 
307.957 
308.288 
308.392 
308.308 
308.307 
308.083 
307.801 
307.321 
307.604 
307.948 
307.697 
307.912 
308.681 
308.119 
308.688 
308.587 
307.263 
307.812 
307.795 
307.087 
307.258 
307.439 
307.634 
307.545 
307.607 
308.069 
308 
307.194 
305.777 
303.504 
301.983 
302.246 
303.5 
304.318 
304.517 
305.533 
307.443 
309.362 
309.797 
309.49 
309.398 
309.296 
309.237 
309.189 
309.115 
309.231 
309.347 
309.49 
309.55 
309.635 
309.559 
308.972 
309.186 
309.077 
308.208 
308 
309.09 
309.138 
308.459 
308.276 
308.974 
309.063 
309.038 
308.301 
307.38 
307.017 
301.496 
302.058 
302.285 
302.647 
307.467 
307.535 
307.629 
307.818 
307.792 
307.879 
308.064 
307.968 
307.867 
308.745 
307.885 
307.711 
307.583 
308.76 
308.705 
308.575 
307.415 
307.73 
307.812 
308.297 
308.261 
307.799 
308.35 
307.974 
308.604 
307.821 
307.958 
307.937 
308.551 
307.665 
306.169 
304.726 
304.211 
304.825 
305.434 
305.972 
306.622 
308.159 
309.476 
309.699 
309.531 
309.562 
309.522 
309.424 
309.345 
309.277 
309.275 
309.267 
309.375 
309.6 
309.633 
309.568 
308.88 
309 
308.101 
301.974 
302.194 
302.257 
301.319 
307.376 
306.623 
308.119 
303.352 
304.052 
309.55 
308.411 
308.14 
307.584 
301.812 
302.221 
302.595 
305.677 
305.772 
305.747 
306.116 
306.751 
307.483 
307.806 
307.779 
307.818 
307.862 
307.938 
307.75 
307.582 
307.714 
307.571 
307.518 
308.586 
308.269 
308.319 
307.337 
307.158 
307.932 
307.232 
307.524 
307.939 
308.038 
308.568 
308.608 
308.611 
308.007 
307.676 
307.406 
307.056 
306.889 
306.736 
306.91 
307.775 
308.731 
309.603 
309.541 
309.49 
309.578 
309.595 
309.506 
309.432 
309.422 
309.371 
309.335 
309.292 
309.45 
309.541 
309.786 
308.925 
308.793 
307.918 
302.474 
302.429 
302.239 
301.798 
301.592 
300.627 
301.584 
303.029 
303.504 
303.952 
310.051 
309.192 
308.607 
301.508 
302.269 
302.219 
305.691 
306.349 
306.298 
306.272 
306.872 
307.674 
307.997 
307.883 
308.059 
307.941 
307.897 
307.65 
307.526 
307.685 
307.552 
307.554 
307.451 
307.325 
308.338 
307.849 
307.271 
307.727 
307.896 
307.928 
307.477 
308.063 
307.626 
307.493 
307.832 
308.839 
309.204 
309.265 
308.56 
308.524 
308.032 
308.706 
308.209 
307.643 
309.698 
309.472 
309.358 
309.367 
309.283 
309.293 
309.263 
309.383 
309.464 
309.52 
309.582 
309.554 
309.679 
309.82 
308.899 
308.453 
308.019 
308.333 
302.561 
302.388 
302.316 
302.278 
300.935 
301.71 
302.924 
302.338 
302.161 
302.121 
301.977 
301.681 
301.629 
302.14 
302.211 
306.128 
306.486 
306.364 
306.06 
307.153 
307.216 
307.451 
307.611 
307.729 
308.036 
307.935 
307.622 
307.4 
307.528 
307.411 
307.376 
307.474 
307.514 
307.589 
307.665 
307.305 
307.328 
307.324 
307.473 
307.588 
307.526 
307.918 
307.786 
308.628 
308.877 
309.198 
309.248 
309.294 
309.267 
309.498 
309.598 
309.632 
309.359 
309.808 
309.66 
309.45 
309.342 
309.115 
309.179 
309.107 
309.248 
309.403 
309.512 
309.622 
309.6 
309.81 
309.619 
308.728 
307.69 
307.492 
308.057 
307.714 
308.412 
303.028 
302.741 
301.045 
302.055 
302.441 
301.516 
301.411 
301.357 
301.357 
301.438 
301.728 
301.939 
302.077 
307.084 
306.592 
306.105 
306.526 
307.025 
307.686 
307.593 
307.955 
307.961 
309.012 
308.174 
308.078 
307.826 
308.092 
307.987 
307.927 
307.331 
307.394 
307.619 
307.763 
307.647 
307.4 
307.166 
307.361 
307.419 
307.53 
307.693 
307.891 
308.072 
308.497 
309.168 
308.541 
309.135 
309.284 
309.581 
309.569 
309.86 
309.765 
309.747 
309.675 
309.522 
309.448 
309.347 
309.616 
309.221 
309.163 
309.212 
309.24 
309.428 
309.456 
309.776 
309.295 
308.707 
307.905 
307.117 
307.355 
306.657 
307.927 
308.578 
303.278 
301.661 
302.188 
301.501 
301.039 
301.011 
301.033 
301.181 
301.424 
301.694 
301.886 
302.368 
307.841 
306.455 
305.678 
306.339 
307.478 
308.063 
308.422 
307.832 
308.092 
308.944 
308.934 
307.792 
307.769 
307.855 
307.698 
307.886 
307.531 
307.459 
307.503 
308.261 
307.456 
307.444 
307.384 
307.577 
307.713 
307.732 
307.821 
307.976 
308.147 
309.059 
309.067 
309.027 
308.966 
309.267 
309.493 
309.604 
310.036 
309.953 
309.62 
309.616 
309.43 
309.309 
309.358 
309.407 
309.313 
309.233 
309.284 
309.267 
309.41 
309.486 
309.66 
309.228 
309.024 
307.284 
307.096 
307.758 
308.444 
307.703 
307.707 
308.181 
302.432 
301.797 
300.964 
300.756 
300.845 
300.966 
301.196 
301.418 
301.685 
302 
302.802 
306.737 
305.778 
305.999 
306.553 
306.707 
307.719 
307.171 
307.508 
308.133 
308.275 
308.83 
308.937 
307.889 
307.886 
307.748 
307.654 
308.412 
307.601 
307.395 
307.524 
307.242 
307.446 
307.715 
307.921 
308.015 
307.831 
308.014 
308.126 
308.155 
308.885 
308.828 
308.695 
308.736 
309.138 
309.302 
309.684 
309.992 
309.646 
309.48 
309.513 
309.39 
309.221 
309.154 
309.311 
309.316 
309.302 
309.345 
309.291 
309.31 
309.57 
309.783 
309.398 
309.484 
307.515 
307.58 
308.973 
309.203 
308.11 
308.336 
308.547 
307.291 
301.162 
300.898 
300.731 
300.812 
300.905 
301.123 
301.355 
301.608 
302.065 
302.84 
307.413 
306.216 
306.953 
306.632 
306.929 
307.206 
306.449 
307.77 
308.252 
307.898 
308.247 
308.016 
307.998 
307.905 
307.686 
307.614 
307.678 
307.655 
307.504 
307.38 
307.247 
307.248 
307.634 
308.271 
308.196 
308.755 
308.207 
308.208 
308.909 
308.797 
308.469 
307.387 
307.857 
309.015 
309.206 
309.724 
309.724 
309.527 
309.193 
309.165 
309.186 
309.205 
309.251 
309.598 
309.335 
309.358 
309.329 
309.29 
309.424 
309.756 
310.025 
309.535 
309.073 
307.923 
307.349 
308.857 
308.778 
308.156 
308.016 
308.613 
307.673 
305.913 
300.399 
300.451 
300.641 
300.897 
301.263 
301.4 
301.763 
302.186 
302.273 
307.576 
306.708 
306.342 
307.194 
307.43 
307.476 
307.365 
307.367 
308.372 
308.419 
308.684 
308.024 
308.202 
307.995 
307.703 
307.676 
307.604 
307.738 
307.537 
307.539 
307.403 
307.543 
307.928 
308.574 
308.638 
308.718 
308.645 
308.073 
308.849 
308.715 
308.278 
306.873 
307.97 
309.039 
309.069 
309.735 
309.47 
309.447 
309.359 
309.129 
308.586 
308.654 
308.934 
309.266 
309.404 
309.376 
309.054 
308.866 
309.388 
309.977 
310.134 
309.67 
308.351 
307.544 
307.649 
308.398 
307.956 
306.495 
305.912 
306.835 
308.666 
307.474 
306.493 
307.523 
307.138 
306.88 
300.718 
301.161 
301.227 
301.212 
301.328 
307.411 
307.659 
307.479 
307.282 
307.72 
308.209 
308.346 
307.132 
308.567 
307.97 
308.283 
308.322 
308.027 
308.068 
307.914 
307.842 
307.835 
307.616 
307.634 
307.639 
307.549 
307.628 
307.809 
307.839 
307.856 
308.652 
308.579 
308.725 
308.681 
308.669 
308.086 
308.616 
308.318 
309.264 
309.344 
309.763 
309.282 
308.953 
309.325 
309.489 
308.642 
308.291 
308.864 
308.438 
309.372 
309.396 
309.584 
309.517 
309.894 
310.059 
310.073 
309.748 
308.525 
306.805 
306.843 
307.691 
307.279 
305.607 
304.395 
305.265 
308.404 
310.014 
308.433 
307.779 
306.983 
306.713 
306.763 
306.217 
301.421 
307.728 
307.425 
307.72 
307.57 
307.353 
307.072 
307.967 
308.23 
308.451 
307.269 
307.044 
307.946 
308.06 
307.92 
307.876 
308.217 
307.987 
307.719 
307.578 
307.538 
307.829 
307.903 
307.799 
307.81 
307.868 
307.832 
308.563 
308.566 
307.659 
308.667 
307.829 
307.852 
308.291 
308.486 
308.658 
308.631 
309.872 
309.442 
308.974 
309.407 
309.127 
308.665 
308.628 
308.331 
308.176 
308.304 
309.509 
308.72 
309.497 
309.314 
309.957 
309.975 
310.057 
309.519 
307.901 
306.815 
307.296 
307.182 
306.656 
305.203 
304.306 
305.795 
308.822 
309.93 
309.693 
309.122 
308.324 
307.942 
306.897 
307.534 
307.636 
308.764 
308.225 
308.044 
307.425 
307.364 
307.707 
308.025 
307.444 
308.58 
307.901 
308.158 
308.065 
308.014 
307.53 
307.72 
308.149 
307.766 
307.853 
307.771 
307.678 
307.621 
307.737 
307.885 
307.863 
307.849 
307.939 
307.796 
307.659 
308.52 
308.098 
307.874 
307.936 
307.635 
308.669 
308.838 
309.039 
309.733 
309.839 
308.754 
309.299 
308.955 
309.382 
309.061 
309.071 
309.098 
309.083 
309.464 
309.738 
309.602 
309.746 
309.487 
309.519 
310.088 
310.13 
308.184 
307.362 
306.74 
306.267 
305.6 
305.513 
304.463 
306.625 
309.806 
310.093 
309.867 
309.812 
309.175 
308.614 
308.635 
308.618 
308.387 
308.286 
308.052 
308.227 
307.26 
307.588 
307.984 
307.984 
307.906 
307.838 
307.792 
307.905 
307.777 
306.79 
307.302 
307.789 
307.978 
307.649 
307.577 
307.587 
307.517 
307.529 
307.648 
308.371 
308.54 
307.83 
307.939 
307.498 
307.577 
308.506 
307.938 
308.016 
308.017 
307.723 
308.646 
308.84 
309.519 
309.345 
308.94 
308.683 
309.245 
308.239 
308.931 
309.001 
309.167 
309.092 
309.042 
309.245 
309.581 
309.689 
309.867 
309.696 
309.968 
309.604 
310.155 
308.27 
307.032 
306.242 
305.316 
304.501 
305.208 
305.544 
308.813 
310.181 
309.95 
309.696 
309.444 
310.017 
309.532 
309.444 
309.113 
308.578 
308.624 
308.459 
307.635 
307.954 
308.03 
307.974 
307.952 
307.558 
308.655 
307.796 
307.853 
308.725 
306.68 
307.116 
307.084 
307.753 
307.514 
307.45 
307.478 
307.504 
307.4 
307.297 
307.384 
307.464 
307.621 
307.657 
308.048 
308.116 
308.383 
308.574 
308.373 
307.873 
308.092 
308.43 
308.987 
309.144 
309.274 
309.798 
308.431 
308.936 
308.913 
309.064 
308.231 
309.031 
308.922 
309.009 
309.343 
309.575 
309.716 
309.148 
310.007 
309.429 
310.324 
310.202 
308.643 
306.819 
305.447 
304.695 
304.506 
305.66 
308.274 
310.661 
310.495 
310.373 
310.473 
310.128 
310.424 
310.279 
309.84 
309.188 
308.64 
308.859 
308.861 
307.66 
307.975 
307.892 
307.628 
307.806 
307.875 
307.789 
308.158 
307.899 
307.829 
307.956 
307.676 
307.743 
307.836 
307.883 
307.782 
307.614 
307.589 
307.318 
307.277 
307.35 
307.406 
307.332 
307.926 
308.027 
308.1 
308.284 
308.793 
308.612 
307.778 
308.092 
308.489 
309.09 
309.398 
308.477 
309.528 
308.958 
309.161 
308.627 
309.163 
308.434 
309.502 
308.995 
308.447 
309.114 
309.681 
309.325 
309.339 
309.983 
310.048 
310.425 
309.729 
309.852 
307.166 
303.808 
304.635 
306.703 
309.522 
310.33 
310.632 
310.465 
310.211 
310.324 
310.368 
310.386 
310.319 
310.161 
309.157 
309.085 
308.87 
308.902 
307.189 
307.657 
308.25 
307.511 
307.437 
308.409 
308.68 
307.742 
307.861 
308.04 
308.294 
308.279 
307.921 
308.757 
308.03 
308.594 
308.578 
308.534 
307.853 
307.86 
307.541 
307.892 
307.903 
307.771 
307.977 
308.274 
308.445 
308.629 
308.156 
307.129 
307.511 
308.11 
308.548 
308.518 
308.539 
309.217 
308.795 
309.168 
308.655 
308.83 
309.182 
309.13 
309.14 
309.279 
309.569 
309.705 
309.972 
310.003 
309.78 
310.127 
310.066 
309.7 
310.157 
309.997 
307.75 
305.952 
310.019 
310.014 
310.24 
310.264 
309.897 
309.968 
310.275 
310.341 
310.415 
310.2 
310.148 
309.87 
308.754 
308.283 
308.686 
305.815 
306.711 
308 
307.862 
307.488 
307.581 
307.668 
307.445 
308.165 
308.163 
307.981 
308.116 
308.426 
308.014 
308.517 
307.994 
306.993 
306.848 
307.391 
307.695 
307.054 
307.85 
307.902 
307.828 
307.905 
308.67 
308.667 
307.651 
307.39 
306.718 
306.878 
307.151 
307.197 
307.206 
307.477 
307.864 
308.38 
308.8 
309.005 
309.158 
309.107 
309.356 
308.788 
309.308 
309.467 
309.84 
309.955 
309.135 
308.663 
309.888 
309.308 
310.094 
309.851 
310.073 
309.538 
309.731 
309.992 
310.253 
310.187 
310.249 
310.2 
310.081 
310.484 
310.138 
310.441 
309.604 
310.293 
310.226 
308.712 
307.844 
308.424 
304.345 
305.251 
307.082 
306.982 
307.185 
307.284 
308.332 
308.308 
308.06 
308.056 
308.131 
308.149 
308.083 
308.047 
308.386 
307.318 
306.331 
304.745 
306.133 
306.703 
307.856 
307.37 
308.04 
307.93 
307.797 
307.95 
306.93 
307.008 
306.824 
306.362 
305.994 
305.612 
304.977 
304.817 
305.512 
306.492 
307.227 
307.967 
308.484 
308.75 
308.85 
309.351 
309.395 
309.099 
308.768 
309.692 
309.754 
309.846 
309.775 
309.961 
309.962 
309.897 
310.052 
310.309 
309.943 
309.427 
309.695 
309.858 
310.027 
310.063 
310.101 
310.009 
309.99 
310.259 
310.375 
310.027 
310.253 
310.623 
309.671 
308.657 
308.487 
304.135 
304.259 
305.05 
306.097 
306.148 
307.072 
306.876 
307.637 
308.601 
308.685 
307.926 
308.073 
308.156 
308.107 
307.824 
307.665 
305.221 
304.383 
304.561 
306.675 
307.095 
307.705 
308.11 
307.86 
307.098 
305.531 
305.094 
305.227 
305.614 
305.694 
305.127 
304.507 
303.272 
302.492 
302.859 
304.551 
306.232 
307.248 
307.641 
307.714 
309.099 
309.409 
309.326 
308.16 
309.138 
308.947 
309.379 
309.222 
309.753 
309.862 
309.918 
310.051 
310.017 
310.31 
309.819 
308.38 
307.668 
308.546 
309.754 
309.983 
309.913 
309.848 
309.86 
309.839 
309.833 
310.297 
310.437 
310.536 
310.227 
309.853 
309.421 
303.471 
303.314 
303.48 
304.501 
305.654 
305.827 
305.465 
306.368 
307.262 
307.926 
307.502 
307.254 
307.194 
307.65 
308.226 
307.713 
307.109 
305.881 
304.693 
304.231 
305.124 
307.569 
307.787 
308.59 
307.197 
305.372 
303.338 
302.498 
303.035 
303.868 
303.67 
302.815 
301.472 
300.54 
300.653 
302.663 
305.2 
306.79 
307.967 
308.469 
308.912 
309.653 
309.049 
309.55 
308.745 
309.062 
309.162 
309.137 
309.316 
309.896 
309.934 
309.291 
309.567 
309.896 
309.103 
308.199 
307.519 
308.175 
309.75 
309.89 
309.37 
309.429 
309.53 
309.825 
309.919 
309.982 
310.227 
310.678 
310.585 
310.239 
310.041 
303.606 
303.15 
303.078 
303.396 
304.351 
304.665 
304.648 
304.495 
306.742 
308.293 
308.006 
308.007 
307.455 
307.489 
307.538 
307.83 
307.875 
307.378 
305.704 
304.374 
304.021 
305.927 
307.119 
306.699 
307.276 
305.792 
303.49 
301.295 
300.782 
301.731 
301.545 
300.409 
299.551 
298.953 
299.116 
301.712 
304.4 
306.206 
307.228 
308.305 
308.666 
308.035 
307.813 
308.702 
309.265 
309.521 
309.482 
309.103 
308.977 
309.48 
309.957 
310.095 
310.242 
310.339 
309.587 
308.394 
306.741 
307.05 
308.439 
308.994 
308.684 
308.651 
309.043 
309.654 
309.792 
309.833 
309.992 
310.334 
310.387 
310.257 
310.064 
303.687 
303.478 
303.493 
303.164 
303.383 
303.7 
304.468 
304.994 
306.449 
307.466 
307.304 
307.49 
307.48 
306.721 
306.404 
307.536 
307.499 
307.765 
307.157 
306.251 
304.901 
304.027 
304.921 
304.92 
305.931 
306.049 
304.859 
303.032 
301.123 
300.66 
300.136 
298.837 
297.546 
297.177 
298.821 
301.912 
304.363 
306.096 
307.036 
308.86 
308.395 
307.813 
307.6 
308.311 
308.921 
309.474 
309.281 
308.563 
308.518 
307.935 
309.236 
309.955 
310.03 
310.481 
309.615 
308.413 
307.544 
307.158 
307.443 
307.888 
307.463 
306.93 
307.832 
309.368 
309.836 
309.756 
309.648 
308.191 
308.611 
309.791 
310.09 
303.587 
303.101 
303.423 
303.101 
303.053 
302.93 
303.858 
304.686 
305.523 
305.878 
305.889 
307.875 
306.957 
306.701 
305.869 
306.218 
306.947 
307.456 
307.548 
307.447 
306.519 
304.732 
302.984 
302.72 
303.613 
304.678 
305.096 
304.073 
302.535 
301.476 
300.409 
299.162 
297.835 
297.367 
299.342 
302.359 
304.61 
305.98 
306.856 
307.489 
308.308 
308.271 
307.986 
307.548 
308.174 
309.398 
309.034 
309.185 
308.676 
308.217 
308.969 
309.759 
309.501 
310.523 
310.017 
309.002 
307.221 
306.238 
306.16 
306.484 
305.877 
305.545 
306.817 
308.714 
309.656 
308.709 
309.54 
308.127 
307.926 
307.604 
307.575 
