299.289 
298.784 
298.846 
298.946 
299.033 
299.024 
299.014 
299.712 
299.266 
299.277 
299.243 
299.845 
299.874 
299.904 
299.975 
299.331 
299.947 
299.949 
300.002 
299.48 
299.465 
299.577 
299.211 
297.719 
297.256 
297.338 
297.364 
297.383 
297.51 
297.474 
297.494 
297.522 
297.534 
297.549 
297.561 
297.591 
297.598 
297.571 
297.556 
297.577 
297.607 
297.557 
297.553 
297.542 
297.481 
297.431 
297.399 
297.4 
297.435 
297.505 
297.603 
297.671 
297.721 
297.778 
297.818 
297.839 
297.867 
297.913 
297.974 
298.018 
298.026 
297.995 
297.942 
297.896 
297.841 
297.773 
297.689 
297.603 
297.562 
297.611 
297.728 
299.37 
299.378 
299.285 
298.954 
299.073 
299.083 
299.629 
299.725 
299.923 
299.339 
299.298 
299.907 
299.936 
299.97 
300.019 
299.392 
300.004 
300 
300.061 
299.503 
300.079 
299.462 
299.691 
299.72 
298.596 
297.44 
297.457 
297.392 
297.423 
297.529 
297.511 
297.491 
297.526 
297.561 
297.578 
297.592 
297.604 
297.558 
297.541 
297.585 
297.622 
297.573 
297.579 
297.552 
297.487 
297.446 
297.422 
297.429 
297.465 
297.534 
297.63 
297.698 
297.756 
297.826 
297.875 
297.899 
297.934 
297.981 
298.019 
298.032 
298.017 
297.973 
297.917 
297.867 
297.804 
297.726 
297.643 
297.573 
297.544 
297.599 
297.722 
299.444 
299.453 
299.486 
298.962 
299.086 
299.134 
299.675 
299.739 
299.958 
299.403 
300.002 
299.969 
300.001 
300.043 
300.066 
299.458 
300.06 
300.056 
300.123 
300.194 
300.203 
299.545 
299.6 
299.783 
299.975 
299.125 
297.681 
297.7 
297.596 
297.553 
297.519 
297.482 
297.503 
297.552 
297.573 
297.595 
297.608 
297.555 
297.535 
297.604 
297.643 
297.589 
297.607 
297.571 
297.517 
297.477 
297.45 
297.453 
297.483 
297.554 
297.651 
297.722 
297.791 
297.872 
297.926 
297.958 
298.006 
298.054 
298.06 
298.038 
297.989 
297.924 
297.874 
297.836 
297.776 
297.688 
297.597 
297.54 
297.548 
297.631 
297.737 
299.479 
299.503 
299.549 
298.982 
299.092 
299.177 
299.74 
299.754 
299.981 
299.466 
299.898 
300.039 
300.074 
300.128 
300.12 
299.533 
300.126 
300.12 
300.182 
300.256 
300.27 
300.243 
299.689 
299.803 
299.87 
300.174 
299.423 
297.806 
297.634 
297.542 
297.579 
297.507 
297.524 
297.55 
297.56 
297.574 
297.603 
297.569 
297.544 
297.622 
297.652 
297.605 
297.631 
297.588 
297.545 
297.499 
297.473 
297.481 
297.514 
297.589 
297.688 
297.764 
297.84 
297.919 
297.969 
297.995 
298.035 
298.06 
298.032 
297.983 
297.907 
297.836 
297.816 
297.816 
297.77 
297.668 
297.557 
297.502 
297.542 
297.66 
297.759 
299.52 
299.527 
299.604 
299.024 
299.118 
299.231 
299.826 
299.771 
300.003 
299.524 
299.517 
300.114 
299.984 
300.223 
300.195 
299.615 
300.201 
300.188 
300.245 
300.32 
300.337 
300.313 
299.724 
299.847 
299.97 
299.945 
300.163 
299.866 
298.387 
297.718 
297.579 
297.683 
297.675 
297.569 
297.608 
297.549 
297.569 
297.574 
297.569 
297.638 
297.632 
297.61 
297.628 
297.587 
297.545 
297.488 
297.475 
297.507 
297.546 
297.608 
297.699 
297.783 
297.856 
297.916 
297.931 
297.932 
297.983 
298.023 
298.018 
298.001 
297.943 
297.872 
297.828 
297.797 
297.762 
297.663 
297.542 
297.474 
297.547 
297.68 
297.771 
299.115 
299.371 
299.054 
299.075 
299.158 
299.284 
299.932 
299.802 
300.019 
299.573 
299.594 
300.186 
300.212 
299.735 
300.271 
299.694 
300.286 
300.26 
300.309 
300.389 
300.406 
300.373 
299.797 
299.921 
299.876 
299.825 
299.793 
300.181 
300.514 
300.1 
298.979 
297.744 
297.844 
297.805 
297.669 
297.614 
297.591 
297.565 
297.588 
297.618 
297.597 
297.583 
297.574 
297.535 
297.499 
297.455 
297.465 
297.538 
297.617 
297.684 
297.771 
297.851 
297.89 
297.889 
297.859 
297.875 
297.938 
297.946 
297.913 
297.857 
297.749 
297.671 
297.678 
297.688 
297.691 
297.671 
297.518 
297.492 
297.563 
297.706 
297.793 
299.167 
298.988 
299.091 
299.126 
299.196 
299.328 
299.891 
299.853 
300.032 
299.608 
299.66 
300.25 
300.258 
300.187 
300.347 
299.767 
300.38 
300.336 
300.375 
300.467 
300.479 
300.455 
299.884 
300.016 
305.644 
304.908 
299.737 
300.029 
300.205 
300.287 
300.617 
299.778 
297.764 
297.848 
297.806 
297.675 
297.594 
297.567 
297.562 
297.557 
297.524 
297.545 
297.515 
297.47 
297.439 
297.435 
297.486 
297.577 
297.708 
297.82 
297.89 
297.931 
297.934 
297.945 
297.99 
298.058 
298.097 
298.109 
298.175 
298.294 
298.512 
298.944 
303.261 
301.932 
300.993 
297.59 
297.658 
297.547 
297.619 
297.729 
297.855 
304.812 
299.048 
299.122 
299.175 
299.233 
299.351 
299.498 
299.919 
300.036 
299.622 
299.701 
299.595 
300.283 
299.762 
300.426 
299.84 
300.485 
300.426 
300.452 
300.522 
300.573 
300.56 
299.997 
300.152 
306.185 
305.472 
299.776 
300.044 
300.453 
300.253 
306.271 
300.659 
300.07 
297.79 
297.683 
297.679 
297.572 
297.512 
297.515 
297.49 
297.481 
297.497 
297.48 
297.473 
297.476 
297.525 
297.585 
297.641 
297.754 
297.908 
297.99 
298.037 
298.057 
298.12 
298.226 
298.341 
298.445 
298.551 
298.657 
298.71 
298.646 
298.465 
298.221 
297.987 
297.848 
297.775 
297.744 
297.647 
297.659 
297.755 
297.922 
299.014 
299.115 
299.149 
299.21 
299.266 
299.343 
304.928 
299.998 
300.049 
305.1 
305.538 
305.433 
305.423 
305.433 
305.869 
305.98 
305.466 
305.403 
305.442 
305.56 
305.627 
305.938 
305.374 
305.619 
305.937 
305.44 
304.811 
304.957 
305.685 
300.027 
299.932 
300.204 
301.088 
299.961 
297.558 
297.633 
297.629 
297.661 
297.636 
297.557 
297.498 
297.504 
297.491 
297.511 
297.567 
297.674 
297.742 
297.779 
297.851 
297.996 
298.108 
298.137 
298.13 
298.141 
298.2 
298.261 
298.299 
298.343 
298.313 
298.174 
298.061 
298.026 
298.016 
297.98 
297.961 
297.918 
297.823 
297.75 
297.708 
297.76 
297.922 
299.119 
299.12 
299.172 
299.221 
299.29 
299.34 
299.33 
300.073 
300.085 
300.075 
299.418 
300.008 
300.041 
305.493 
305.465 
305.428 
305.496 
305.494 
305.533 
305.576 
306.048 
305.042 
305.847 
305.796 
305.675 
305.276 
304.642 
304.068 
304.646 
304.815 
304.407 
300.124 
300.762 
300.892 
299.98 
297.414 
297.63 
297.715 
297.777 
297.699 
297.651 
297.595 
297.559 
297.582 
297.678 
297.793 
297.87 
297.913 
297.984 
298.063 
298.143 
298.155 
298.111 
298.122 
298.178 
298.202 
298.23 
298.212 
298.082 
298.002 
298.045 
298.117 
298.088 
298.081 
298.096 
298.003 
297.93 
297.859 
297.794 
297.767 
297.848 
299.123 
299.146 
299.81 
299.224 
299.296 
299.394 
299.463 
300.119 
300.162 
300.26 
299.614 
300.226 
300.199 
300.095 
305.57 
305.718 
305.634 
305.536 
305.712 
305.578 
305.703 
305.64 
305.794 
305.962 
305.851 
305.664 
304.815 
303.981 
304.27 
305.085 
305.483 
305.947 
306.58 
300.882 
300.877 
298.202 
297.908 
297.796 
297.675 
297.559 
297.609 
297.635 
297.727 
297.756 
297.771 
297.842 
297.955 
298.013 
298.027 
298.036 
297.999 
297.965 
297.922 
297.97 
298 
298 
298.043 
298.076 
298.147 
298.371 
298.676 
298.822 
298.763 
302.262 
298.038 
298.173 
298.003 
297.986 
297.892 
297.819 
297.781 
299.171 
299.811 
299.85 
299.903 
299.98 
299.396 
299.463 
300.204 
300.217 
300.261 
300.099 
300.219 
300.19 
300.288 
300.178 
300.089 
300.247 
300.201 
300.344 
299.781 
305.717 
305.823 
305.831 
305.953 
306.023 
305.617 
305.589 
304.72 
304.305 
305.622 
306.486 
306.532 
306.706 
306.796 
306.762 
304.98 
301.859 
298.216 
298.564 
298.775 
298.26 
297.68 
297.569 
297.615 
297.677 
297.812 
297.894 
297.958 
297.934 
297.83 
297.73 
297.715 
297.712 
297.7 
297.763 
297.904 
298.144 
298.37 
298.563 
298.66 
298.64 
298.549 
298.466 
298.321 
298.209 
298.23 
298.13 
298.097 
297.995 
297.904 
297.806 
299.244 
299.891 
299.907 
299.955 
300.028 
299.552 
299.641 
300.27 
300.31 
300.386 
299.745 
300.37 
300.295 
300.201 
300.369 
299.853 
300.461 
300.388 
299.852 
299.97 
305.784 
305.974 
306.181 
305.944 
306.419 
305.842 
305.918 
305.687 
304.81 
304.416 
306.407 
306.867 
306.819 
306.829 
306.795 
306.953 
305.363 
305.866 
306.723 
306.722 
302.315 
300.737 
298.634 
297.602 
297.772 
297.781 
297.805 
297.841 
297.865 
297.932 
298.088 
298.271 
298.25 
297.952 
297.976 
298.449 
298.698 
298.82 
298.823 
298.791 
298.708 
298.558 
298.475 
298.388 
298.333 
298.278 
298.224 
298.151 
298.071 
297.991 
297.892 
299.327 
299.987 
299.984 
300.019 
300.081 
299.484 
299.584 
300.348 
300.387 
299.839 
299.821 
299.752 
300.379 
299.817 
300.437 
299.941 
299.806 
299.929 
305.636 
305.807 
305.976 
305.986 
306.149 
305.943 
305.904 
305.713 
305.961 
305.889 
305.132 
304.94 
305.94 
306.99 
306.699 
306.805 
306.832 
307.011 
307.026 
306.871 
306.723 
306.743 
306.761 
306.882 
307.262 
305.763 
304.527 
304.216 
304.22 
303.968 
303.927 
303.766 
303.719 
304.137 
303.985 
304.336 
299.575 
299.162 
299.017 
298.93 
298.637 
298.649 
298.749 
298.693 
298.595 
298.484 
298.409 
298.325 
298.266 
298.164 
298.066 
298.03 
297.989 
299.412 
299.399 
300.085 
300.101 
300.152 
299.546 
299.645 
299.804 
300.483 
299.839 
299.975 
299.911 
300.496 
299.94 
300.346 
300.123 
305.441 
305.485 
305.657 
305.587 
306 
305.438 
305.415 
305.407 
306.359 
305.632 
306.071 
305.99 
305.125 
303.997 
305.364 
306.535 
306.6 
306.89 
306.822 
306.993 
307.086 
306.556 
306.585 
306.862 
306.968 
306.902 
306.724 
306.726 
306.845 
306.903 
306.911 
306.792 
306.567 
306.244 
305.793 
305.945 
305.877 
304.665 
304.03 
304.907 
301.199 
300.551 
299.588 
298.869 
298.587 
298.768 
298.688 
298.589 
298.433 
298.344 
298.291 
298.2 
298.082 
298.017 
298.028 
299.523 
299.493 
300.199 
300.194 
300.225 
299.59 
299.695 
299.768 
299.829 
299.925 
300.133 
300.065 
299.872 
300.055 
299.919 
306.075 
305.615 
304.682 
305.054 
305.96 
305.923 
305.556 
305.546 
305.45 
306.091 
306.083 
305.855 
306.445 
304.753 
304.006 
304.884 
306.291 
306.188 
306.4 
306.529 
306.855 
306.865 
306.286 
305.966 
306.34 
306.55 
306.713 
306.963 
306.825 
306.359 
306.605 
306.666 
306.486 
306.328 
306.2 
305.537 
305.788 
305.596 
304.484 
303.147 
303.102 
302.981 
303.954 
305.253 
306.059 
300.703 
299.339 
298.528 
298.384 
298.373 
298.327 
298.252 
298.245 
298.163 
298.096 
298.03 
299.709 
299.608 
299.582 
300.286 
300.301 
299.827 
299.745 
299.848 
299.945 
300.032 
306.175 
306.073 
305.741 
306.059 
305.938 
306.048 
305.723 
305.391 
305.138 
305.785 
305.322 
305.297 
305.321 
305.206 
305.224 
304.918 
305.551 
305.358 
304.389 
303.355 
304.228 
305.968 
306.645 
306.084 
305.641 
305.525 
305.549 
305.241 
305.027 
305.997 
306.883 
307.054 
307.046 
306.875 
306.568 
306.547 
306.719 
306.698 
306.656 
306.354 
305.453 
304.067 
303.628 
303.695 
303.318 
302.816 
302.017 
302.758 
304.397 
305.785 
306.816 
307.002 
305.512 
302.807 
301.547 
298.319 
298.427 
298.284 
298.283 
298.191 
298.076 
299.995 
299.792 
299.672 
300.36 
300.37 
300.408 
299.789 
299.961 
305.932 
306.147 
306.08 
305.977 
305.622 
305.529 
305.4 
305.989 
305.625 
305.252 
304.933 
305.184 
305.512 
305.493 
305.259 
305.581 
305.919 
304.686 
304.64 
305.133 
303.851 
302.532 
303.014 
304.911 
305.859 
305.354 
304.881 
304.265 
303.528 
303.393 
303.782 
304.773 
306.203 
306.751 
307.032 
307.017 
306.834 
306.705 
306.725 
306.795 
306.518 
306.213 
304.885 
302.818 
301.681 
302.402 
302.856 
302.706 
302.014 
302.543 
303.714 
305.337 
306.107 
306.718 
306.493 
305.518 
303.227 
301.755 
298.214 
298.225 
298.319 
298.425 
298.314 
300.286 
300.086 
299.818 
299.686 
299.691 
299.727 
299.83 
305.492 
305.289 
305.997 
306.077 
305.965 
305.459 
305.686 
305.358 
305.493 
305.046 
305.395 
304.628 
304.869 
305.613 
306 
305.212 
305.446 
305.743 
304.966 
304.41 
304.34 
303.373 
302.038 
301.973 
303.277 
304.577 
304.427 
303.75 
302.92 
301.895 
301.771 
302.32 
303.497 
305.31 
306.349 
306.934 
307.037 
306.938 
306.494 
306.518 
306.782 
306.856 
306.201 
304.992 
302.183 
300.556 
301.125 
302.122 
302.826 
303.353 
302.817 
302.325 
302.948 
303.78 
304.606 
305.55 
305.829 
306.136 
305.104 
304.014 
303.736 
302.956 
298.26 
298.244 
300.454 
300.381 
300.096 
299.82 
299.785 
299.807 
299.888 
305.368 
305.287 
305.94 
305.989 
305.244 
305.817 
305.596 
305.321 
305.49 
305.717 
304.908 
304.791 
304.518 
305.053 
305.743 
305.329 
306.174 
306.202 
304.978 
304.242 
303.559 
303.062 
302.455 
301.95 
302.319 
302.924 
302.678 
301.851 
301.782 
301.939 
301.664 
301.973 
303.288 
304.958 
305.951 
306.897 
307.068 
307.064 
306.821 
306.713 
306.668 
306.839 
306.107 
304.735 
302.7 
300.842 
300.594 
300.918 
302.244 
304.541 
304.6 
303.02 
302.151 
302.257 
303.033 
304.196 
305.689 
305.936 
305.422 
305.221 
303.506 
298.602 
298.43 
298.485 
300.57 
300.562 
300.481 
300.089 
299.95 
299.923 
305.387 
305.278 
305.147 
305.354 
305.199 
305.339 
305.193 
305.261 
305.048 
305.514 
305.718 
305.035 
304.316 
304.146 
303.875 
305.228 
305.151 
306.077 
306.2 
305.499 
304.667 
303.994 
303.687 
303.903 
303.385 
302.229 
301.51 
300.694 
300.251 
301.52 
302.827 
303.537 
303.74 
304.317 
305.536 
306.534 
306.985 
307.024 
307.092 
306.865 
306.685 
306.633 
306.845 
306.492 
305.718 
303.812 
302.235 
301.324 
301.043 
302.633 
305.044 
305.422 
305.012 
303.87 
303.177 
303.843 
304.754 
305.54 
305.893 
305.491 
300.441 
304.24 
298.453 
298.841 
298.883 
300.736 
300.71 
300.793 
300.437 
305.798 
305.495 
305.286 
305.254 
306.042 
306.03 
306.011 
306.029 
305.892 
305.966 
305.902 
306.013 
305.091 
304.992 
305.492 
304.394 
304.086 
305.334 
305.01 
305.758 
306.017 
306.089 
305.016 
305.296 
305.212 
305.159 
304.606 
303.196 
301.473 
300.24 
299.748 
300.895 
303.033 
304.843 
305.504 
305.242 
306.09 
306.589 
306.928 
306.951 
307.033 
306.901 
306.71 
306.556 
306.478 
306.075 
304.96 
304.373 
303.453 
303.003 
302.72 
303.934 
305.807 
306.572 
306.354 
305.497 
305.135 
305.137 
305.416 
305.305 
305.375 
305.591 
304.939 
300.413 
304.468 
299.675 
304.969 
300.978 
300.876 
306.643 
306.382 
305.808 
305.915 
305.457 
305.892 
305.908 
305.965 
305.131 
305.312 
305.871 
305.943 
305.927 
305.993 
305.719 
305.653 
305.71 
305.486 
304.924 
305.429 
305.623 
305 
305.759 
305.982 
306.137 
305.937 
306.477 
306.453 
305.621 
304.214 
302.692 
300.854 
299.616 
300.303 
302.691 
304.631 
305.753 
306.144 
306.653 
306.801 
306.874 
306.978 
307.006 
306.874 
306.578 
306.261 
305.86 
305.431 
304.453 
304.342 
304.291 
304.725 
304.53 
305.362 
306.407 
306.707 
306.573 
306.14 
306.102 
305.959 
305.868 
305.486 
305.3 
305.494 
300.818 
300.604 
300.537 
300.542 
305.956 
306.668 
306.596 
306.365 
306.435 
305.939 
305.502 
305.843 
305.292 
305.185 
305.926 
305.955 
306.123 
305.948 
305.983 
305.944 
305.897 
305.276 
305.234 
305.496 
305.49 
305.688 
305.099 
305.406 
305.841 
305.819 
305.941 
306.039 
306.147 
306.068 
306.252 
305.973 
304.151 
303.671 
302.148 
300.484 
300.634 
302.159 
303.901 
305.021 
306.258 
306.752 
306.525 
306.517 
306.714 
306.781 
306.6 
306.37 
305.988 
305.271 
304.461 
304.275 
305.14 
305.359 
305.867 
306.126 
306.354 
306.426 
306.446 
306.421 
306.131 
306.254 
306.149 
306.008 
305.817 
305.508 
305.544 
301.351 
301.409 
300.645 
300.571 
300.841 
306.792 
306.612 
306.647 
306.403 
305.913 
305.541 
305.444 
304.935 
305.14 
305.227 
305.844 
306.03 
305.925 
305.993 
305.943 
305.9 
304.432 
305.094 
305.141 
305.182 
305.636 
305.979 
306.056 
306.014 
305.956 
305.899 
305.96 
306.029 
304.95 
304.699 
304.778 
304.962 
305.097 
304.672 
303.636 
302.988 
303.884 
304.651 
305.525 
306.538 
306.076 
305.967 
305.891 
306.044 
306.173 
306.18 
306.305 
306.143 
305.253 
304.684 
304.797 
305.837 
306.072 
306.454 
306.596 
306.564 
306.478 
306.509 
306.427 
305.946 
306.016 
305.984 
305.954 
305.828 
305.556 
305.344 
305.424 
305.537 
301.034 
301.001 
300.683 
306.815 
306.5 
306.244 
306.269 
305.976 
305.686 
305.539 
305.8 
306.007 
305.954 
305.848 
305.949 
304.99 
305.933 
305.906 
305.953 
305.094 
304.682 
304.623 
304.442 
305.64 
305.978 
306.033 
306.024 
305.928 
305.806 
305.762 
305.899 
305.853 
304.659 
304.3 
305.014 
305.98 
306.167 
305.411 
305.691 
305.836 
306.4 
306.919 
306.881 
306.466 
306.218 
306.19 
306.033 
306.407 
306.149 
306.424 
306.463 
305.946 
305.654 
306.012 
306.417 
306.328 
306.672 
306.674 
306.519 
306.62 
306.805 
306.721 
305.99 
305.727 
305.615 
305.617 
305.642 
305.465 
305.085 
304.152 
300.386 
301.116 
306.441 
305.615 
307.325 
307.229 
306.722 
306.275 
305.51 
305.534 
305.359 
305.191 
305.905 
305.881 
305.795 
305.025 
305.887 
305.128 
305.173 
305.337 
305.05 
305.013 
305.594 
304.533 
305.753 
306.015 
305.993 
305.98 
305.907 
305.804 
304.846 
305.817 
305.959 
305.21 
305.193 
305.515 
306.395 
306.605 
306.929 
306.979 
307.103 
307.432 
307.242 
307.063 
306.521 
306.754 
306.628 
306.68 
306.561 
306.665 
306.578 
306.621 
306.496 
306.409 
306.536 
306.533 
306.27 
306.73 
306.824 
306.64 
306.67 
306.926 
307.02 
306.321 
305.372 
304.588 
304.277 
305.148 
305.005 
304.566 
300.43 
300.849 
301.019 
305.895 
305.839 
307.252 
306.777 
307.135 
306.145 
306.437 
305.693 
305.973 
305.879 
305.822 
305.792 
304.837 
305.147 
304.814 
305.964 
305.068 
305.307 
305.059 
305.695 
305.498 
304.784 
305.83 
305.959 
305.812 
305.914 
305.88 
305.811 
305.904 
305.993 
306.125 
306.256 
306.344 
306.398 
306.487 
306.655 
307.07 
307.166 
307.396 
307.419 
307.037 
306.821 
306.883 
306.777 
306.765 
306.929 
306.914 
307.001 
306.846 
306.723 
306.68 
306.323 
306.398 
306.645 
306.403 
306.612 
306.932 
306.86 
306.752 
306.933 
307.093 
306.802 
305.523 
303.879 
299.475 
300.088 
300.252 
300.673 
300.794 
300.773 
300.754 
300.378 
306.331 
306.455 
306.72 
307.204 
306.777 
306.519 
306.04 
304.943 
305.205 
304.912 
304.741 
304.958 
306.085 
304.853 
305.847 
305.935 
306.017 
304.92 
305.675 
305.773 
304.844 
305.828 
305.954 
304.891 
305.868 
305.856 
305.83 
305.962 
306.128 
306.206 
306.264 
306.376 
306.483 
306.509 
306.774 
307.16 
307.229 
307.478 
307.338 
306.849 
306.742 
306.952 
306.925 
307.163 
306.914 
306.935 
307.058 
307.074 
306.824 
306.808 
306.208 
306.078 
306.455 
306.538 
306.339 
306.727 
306.937 
306.83 
306.863 
307.032 
306.993 
306.54 
304.862 
300.231 
300.523 
300.617 
300.71 
300.77 
300.872 
300.912 
300.499 
305.303 
307.313 
307.388 
307.158 
306.715 
306.495 
305.404 
305.817 
305.17 
305.087 
304.752 
305.059 
305.238 
304.9 
304.918 
304.973 
305.935 
305.715 
305.738 
305.737 
304.41 
305.843 
305.859 
304.961 
304.953 
305.799 
305.778 
306.018 
306.201 
306.281 
306.189 
306.162 
306.283 
306.474 
306.848 
307.215 
307.247 
307.539 
307.318 
306.795 
306.792 
306.827 
306.989 
306.911 
306.924 
307.025 
307.021 
307.188 
306.864 
306.793 
306.44 
306.098 
306.321 
306.534 
306.156 
306.39 
306.828 
306.958 
306.863 
307.013 
306.964 
306.863 
306.126 
304.288 
300.109 
300.508 
300.706 
300.767 
300.844 
301.121 
305.779 
301.436 
306.369 
307.258 
307.135 
306.7 
306.439 
306.211 
304.903 
304.978 
305.337 
305.081 
305.191 
306.103 
304.927 
305.034 
305.261 
305.196 
304.787 
305.646 
305.658 
304.757 
305.705 
304.505 
303.866 
305.408 
305.542 
305.526 
305.843 
306.175 
306.366 
305.602 
306.049 
306.151 
306.512 
307.043 
307.283 
307.288 
307.636 
307.437 
306.973 
306.942 
306.675 
307.093 
306.877 
306.923 
307.125 
307.061 
307.19 
306.958 
306.783 
306.847 
306.477 
306.503 
306.558 
306.233 
306.457 
306.783 
307.156 
306.973 
306.976 
307.015 
306.826 
306.632 
300.523 
300.271 
300.239 
300.635 
300.742 
300.835 
300.96 
300.901 
300.862 
306.576 
306.542 
307.052 
306.555 
305.73 
305.176 
304.829 
304.876 
305.053 
305.099 
305.28 
305.157 
305.012 
305.089 
305.205 
305.98 
305.767 
304.638 
304.699 
305.587 
305.558 
303.176 
302.37 
304.026 
304.03 
303.987 
305.45 
305.578 
305.844 
306.027 
305.636 
306.343 
306.37 
306.92 
307.143 
307.34 
307.721 
307.582 
307.082 
307.051 
306.7 
307.016 
306.794 
306.926 
307.12 
307.122 
307.121 
307.076 
306.917 
307.093 
306.85 
306.695 
306.772 
306.523 
306.846 
306.921 
307.247 
307.104 
306.919 
307.016 
307.167 
300.725 
300.736 
300.726 
300.262 
300.382 
300.662 
300.73 
300.871 
300.854 
300.782 
306.461 
306.7 
306.439 
306.138 
305.71 
305.326 
304.858 
304.864 
304.896 
305.068 
305.191 
305.228 
305.125 
305.302 
305.406 
305.279 
304.97 
304.986 
305.068 
304.729 
305.643 
303.937 
302.534 
302.834 
303.929 
303.517 
303.822 
303.441 
303.325 
303.536 
304.954 
304.521 
304.694 
305.841 
305.808 
307.619 
308.107 
307.923 
307.397 
307.415 
307.15 
306.916 
306.809 
306.914 
306.976 
307.059 
307.119 
307.121 
307.101 
307.213 
307.124 
306.876 
306.964 
306.802 
306.958 
307.1 
307.301 
307.164 
307.234 
307.324 
307.227 
300.95 
300.732 
300.865 
301.373 
300.49 
300.556 
300.695 
300.828 
300.756 
300.664 
306.807 
306.577 
306.022 
305.928 
305.698 
305.491 
305.202 
304.939 
304.899 
305.059 
305.157 
305.19 
305.193 
305.383 
305.454 
305.316 
304.624 
304.908 
304.737 
304.809 
305.756 
305.552 
304.853 
304.446 
304.584 
304.514 
302.887 
302.167 
301.548 
301.327 
301.746 
302.244 
302.628 
303.469 
305.139 
306.601 
307.917 
307.675 
307.356 
307.07 
307.232 
306.886 
306.947 
306.87 
306.884 
306.954 
307.073 
307.079 
307.18 
307.27 
307.23 
307.11 
307.089 
306.973 
306.901 
307.14 
307.679 
307.53 
306.773 
307.098 
301.184 
301.091 
300.897 
300.899 
306.768 
305.651 
300.207 
300.663 
300.808 
300.723 
300.578 
306.635 
306.052 
306.208 
306.091 
305.701 
305.489 
305.029 
304.962 
304.889 
305.044 
305.137 
305.063 
304.954 
305.493 
306.113 
305.063 
304.863 
304.45 
304.751 
304.695 
305.633 
305.931 
304.997 
304.807 
304.248 
304.619 
302.803 
301.614 
300.874 
300.493 
300.368 
300.275 
300.575 
301.77 
303.486 
305.069 
306.831 
307.509 
306.86 
307.336 
307.1 
306.916 
307.012 
306.94 
307.026 
307.032 
307.044 
307.066 
307.196 
307.293 
307.314 
307.287 
307.176 
306.959 
306.972 
307.124 
307.226 
307.014 
306.704 
306.716 
307.274 
306.858 
306.535 
306.479 
306.024 
305.41 
305.342 
300.389 
300.646 
300.593 
300.453 
306.163 
306.071 
305.944 
305.901 
305.723 
305.562 
305.146 
304.987 
304.948 
305.104 
305.153 
305.19 
305.159 
306.104 
305.949 
305.162 
304.92 
304.715 
305.667 
304.639 
304.596 
305.833 
305.952 
304.763 
304.676 
304.633 
303.651 
302.133 
301.103 
300.502 
299.745 
299.295 
299.66 
300.718 
301.692 
302.651 
304.983 
306.7 
307.221 
307.373 
307.017 
306.957 
306.96 
306.99 
307.134 
307.173 
307.122 
307.133 
307.217 
307.265 
307.372 
307.485 
307.261 
306.901 
307.018 
307.192 
307.235 
306.971 
306.645 
306.584 
306.365 
306.237 
306.051 
306.118 
305.955 
304.672 
300.267 
300.495 
300.328 
300.486 
300.36 
306.25 
306.156 
306.047 
305.947 
305.89 
305.744 
305.256 
305.025 
304.922 
305.118 
305.142 
305.234 
305.856 
305.186 
305.01 
305.978 
304.867 
305.597 
304.931 
305.588 
304.599 
305.713 
305.737 
304.855 
305.162 
305.039 
305.287 
303.562 
302.72 
301.593 
299.977 
299.048 
299.618 
300.738 
301.275 
301.515 
303.731 
305.881 
307.246 
307.247 
307.092 
306.996 
306.971 
306.97 
307.039 
307.108 
307.106 
307.154 
307.155 
307.133 
307.42 
307.566 
307.157 
306.707 
306.968 
307.828 
307.262 
306.888 
306.557 
306.513 
306.348 
306.115 
305.632 
305.976 
306.022 
304.561 
300.359 
300.6 
300.197 
300.382 
300.367 
306.158 
306.095 
306.044 
305.951 
305.864 
305.739 
305.321 
305.158 
304.648 
304.815 
305.159 
305.115 
305.316 
306.059 
305.325 
305.861 
305.732 
304.561 
304.946 
304.974 
304.484 
304.648 
304.879 
304.958 
304.841 
304.98 
305.524 
305.724 
304.919 
303.645 
301.513 
299.901 
300.011 
301.305 
302.303 
302.734 
304.095 
305.8 
307.09 
307.137 
307.129 
307.06 
307.076 
307.053 
307.009 
307.014 
306.992 
307.076 
307.036 
306.976 
307.436 
307.513 
306.884 
306.527 
307.403 
307.648 
307.794 
307.243 
306.628 
306.287 
306.131 
305.856 
304.696 
305.139 
306.135 
305.596 
305.172 
299.816 
300.417 
300.254 
300.405 
305.861 
305.712 
305.427 
305.428 
305.362 
305.318 
305.3 
305.258 
305.107 
305.956 
305.119 
305.158 
305.082 
306.065 
305.9 
305.736 
304.661 
304.928 
304.932 
305.523 
305.617 
305.131 
305.785 
305.214 
305.871 
305.168 
305.445 
305.569 
306.424 
305.533 
304.066 
302.539 
301.936 
302.622 
303.488 
304.349 
305.148 
305.959 
306.953 
307.175 
307.157 
307.138 
307.14 
307.093 
307.081 
307.065 
306.972 
306.991 
306.95 
306.908 
307.31 
307.338 
306.705 
306.47 
307.206 
302.836 
301.769 
301.291 
300.421 
306.096 
305.4 
305.84 
300.126 
300.448 
306.02 
305.853 
305.232 
304.658 
300.326 
300.262 
300.452 
304.053 
304.005 
303.662 
303.806 
304.386 
304.869 
305.04 
305.064 
305.079 
305.04 
305.158 
305.2 
305.093 
305.111 
304.93 
304.79 
305.715 
305.519 
305.514 
304.547 
304.475 
305.216 
304.67 
304.857 
305.196 
305.318 
306.083 
306.238 
306.438 
305.935 
305.571 
305.123 
304.785 
304.754 
304.914 
305.371 
305.867 
306.333 
307.119 
307.225 
307.164 
307.067 
307.021 
306.991 
307.109 
307.218 
307.127 
307.026 
307.026 
307.012 
307.232 
307.211 
306.682 
306.722 
308.042 
302.528 
302.097 
302.012 
300.715 
300.037 
300.021 
300.465 
300.766 
300.728 
300.74 
306.594 
306.454 
305.746 
299.86 
300.207 
300.262 
303.949 
304.425 
304.129 
303.877 
304.43 
304.915 
305.098 
305.101 
305.274 
305.127 
305.123 
305.107 
305.046 
305.088 
304.923 
304.832 
304.709 
304.618 
305.518 
304.978 
304.562 
304.993 
305.215 
305.187 
304.791 
305.397 
305.099 
305.114 
305.628 
306.634 
306.875 
306.922 
306.4 
306.617 
306.48 
306.869 
306.228 
306.652 
307.306 
307.132 
306.977 
306.809 
306.78 
306.835 
307.06 
307.301 
307.291 
307.201 
307.258 
307.266 
307.402 
307.285 
306.659 
307.096 
308.213 
308.281 
302.035 
302.042 
301.731 
300.765 
300.255 
300.363 
300.864 
301.025 
300.761 
300.936 
301.11 
300.801 
299.72 
300.134 
300.262 
304.304 
304.556 
304.93 
303.958 
304.94 
304.478 
304.561 
304.863 
304.946 
305.18 
305.155 
305.037 
304.942 
304.976 
304.814 
304.712 
304.749 
304.778 
304.757 
304.794 
304.586 
304.63 
304.688 
304.77 
304.893 
304.925 
305.416 
305.418 
306.36 
306.505 
306.816 
306.96 
307.248 
307.592 
307.832 
307.322 
306.857 
307.357 
307.268 
307.056 
306.849 
306.667 
306.62 
306.66 
306.864 
307.104 
307.197 
307.241 
307.362 
307.355 
307.518 
307.502 
306.896 
307.411 
307.664 
307.879 
308.273 
308.456 
302.395 
301.086 
300.632 
300.249 
300.501 
300.729 
300.568 
300.67 
300.582 
300.044 
299.699 
300.069 
300.095 
305.119 
304.779 
304.31 
304.198 
304.49 
304.849 
304.635 
305.137 
305.113 
306.039 
305.385 
305.387 
305.295 
305.428 
305.289 
305.179 
304.639 
304.672 
304.786 
304.898 
304.888 
304.699 
304.56 
304.646 
304.728 
304.942 
305.245 
305.548 
305.754 
306.057 
306.797 
306.273 
307.168 
307.624 
307.656 
307.266 
307.012 
307.452 
307.217 
307.078 
306.877 
306.697 
306.633 
307.025 
306.653 
306.815 
306.942 
307.114 
307.262 
307.267 
307.522 
307.613 
307.157 
307.719 
307.883 
308.04 
307.902 
308.243 
308.233 
301.708 
301.083 
300.531 
300.456 
300.09 
300.096 
300.196 
300.223 
299.769 
299.658 
299.973 
300.651 
306.096 
304.966 
304.266 
304.139 
304.969 
305.36 
305.542 
305.147 
305.197 
305.96 
306.118 
305.131 
305.237 
305.257 
305.05 
305.143 
304.804 
304.734 
304.689 
305.412 
304.716 
304.768 
304.769 
304.838 
304.996 
305.145 
305.39 
305.616 
305.754 
306.541 
306.725 
306.781 
307.061 
307.525 
307.331 
306.956 
307.054 
307.449 
307.196 
307.072 
306.819 
306.66 
306.648 
306.712 
306.776 
306.805 
306.937 
307.113 
307.381 
307.301 
307.599 
307.643 
307.348 
308.06 
308.465 
308.579 
308.108 
307.932 
307.749 
307.766 
301.381 
300.951 
300.496 
300.266 
299.783 
299.905 
300.094 
299.641 
299.628 
300.119 
300.944 
305.292 
305.249 
304.638 
304.448 
304.056 
305.029 
304.706 
305.137 
305.252 
305.393 
306.153 
306.091 
305.351 
305.282 
305.082 
304.953 
305.61 
304.857 
304.608 
304.711 
304.525 
304.762 
305.059 
305.155 
305.286 
305.245 
305.546 
305.714 
305.692 
306.356 
306.502 
306.458 
306.893 
307.339 
307.002 
306.726 
307.031 
307.36 
307 
306.781 
306.613 
306.571 
306.638 
306.757 
306.804 
306.863 
306.952 
307.128 
307.233 
307.362 
307.771 
307.727 
307.454 
308.323 
308.547 
308.338 
308.398 
308.093 
308.358 
308.02 
307.629 
301.121 
301.258 
300.669 
299.695 
299.746 
299.695 
299.476 
299.599 
300.24 
300.848 
305.673 
305.613 
305.712 
304.391 
304.248 
304.415 
304.554 
304.912 
305.376 
305.154 
305.568 
305.344 
305.454 
305.303 
305.018 
304.912 
304.903 
304.905 
304.71 
304.606 
304.538 
304.587 
304.975 
305.461 
305.455 
306.138 
305.696 
305.746 
306.372 
306.286 
306.104 
305.219 
306.113 
307.187 
306.875 
306.708 
307.075 
307.175 
306.584 
306.274 
306.25 
306.312 
306.623 
307.112 
306.852 
306.923 
306.993 
307.169 
307.272 
307.444 
307.963 
307.784 
307.554 
308.271 
308.442 
308.154 
308.031 
308.149 
308.415 
307.982 
307.685 
307.415 
301.503 
300.898 
301.332 
299.563 
299.517 
299.51 
299.868 
300.692 
300.649 
305.602 
305.287 
305.522 
304.796 
304.696 
304.705 
304.364 
304.605 
305.495 
305.605 
306.009 
305.408 
305.624 
305.378 
305.055 
304.98 
304.833 
304.976 
304.756 
304.772 
304.705 
304.864 
305.218 
305.721 
305.882 
306.118 
306.243 
305.65 
306.29 
306.231 
305.901 
304.827 
306.264 
307.162 
307.014 
306.717 
307.129 
307.004 
306.659 
306.206 
305.586 
305.693 
306.23 
306.763 
306.991 
306.968 
306.793 
306.789 
307.206 
307.64 
308.022 
307.785 
307.86 
308.267 
308.108 
308.049 
308.098 
308.093 
308.285 
308.08 
307.638 
307.182 
306.763 
307.638 
307.262 
305.087 
299.281 
299.429 
299.764 
299.945 
299.848 
305.449 
305.446 
305.236 
304.85 
305.056 
305.463 
305.446 
304.362 
305.618 
305.232 
305.625 
305.686 
305.514 
305.45 
305.259 
305.142 
305.029 
304.866 
304.848 
304.877 
304.855 
304.954 
305.124 
305.063 
305.172 
306.06 
306.077 
306.174 
306.114 
306.177 
305.74 
306.58 
306.674 
307.405 
307.016 
306.818 
307.136 
306.436 
306.503 
306.569 
305.602 
305.328 
306.092 
306.108 
307.068 
307.038 
307.308 
307.311 
307.528 
307.675 
308.006 
307.908 
307.857 
307.973 
307.927 
307.908 
307.99 
307.977 
307.972 
307.964 
307.44 
307.219 
306.384 
306.553 
306.676 
306.6 
304.165 
303.16 
299.402 
304.334 
304.806 
305.578 
305.522 
305.59 
305.819 
305.22 
305.521 
305.572 
304.485 
304.33 
305.133 
305.436 
305.363 
305.397 
305.593 
305.343 
305.064 
304.836 
304.813 
305.026 
305.107 
305.08 
305.116 
305.183 
305.059 
305.836 
305.993 
305.249 
306.055 
305.312 
305.436 
305.98 
306.507 
307.007 
307.071 
307.147 
307.597 
307.092 
306.992 
306.325 
305.768 
305.696 
305.463 
305.441 
305.795 
307.306 
306.511 
307.23 
306.967 
307.572 
307.646 
307.916 
308.143 
308.023 
307.91 
307.785 
307.756 
307.941 
307.759 
308.181 
308.289 
307.154 
306.925 
306.701 
307.054 
307.426 
307.51 
306.174 
304.193 
303.618 
305.625 
305.623 
305.904 
305.751 
305.654 
305.064 
305.282 
304.752 
305.744 
305.056 
305.364 
305.313 
305.404 
305 
305.257 
305.535 
305.168 
305.213 
305.036 
304.947 
304.86 
304.953 
305.145 
305.18 
305.181 
305.169 
305.191 
305.214 
306.001 
305.507 
305.333 
305.507 
305.439 
306.666 
307.05 
307.329 
307.161 
307.533 
307.101 
307.01 
306.179 
306.472 
306.168 
306.22 
306.288 
306.384 
307.118 
307.493 
307.274 
307.334 
307.04 
307.244 
307.87 
308.598 
308.236 
307.912 
307.824 
307.786 
307.893 
308.053 
308.082 
307.615 
307.215 
306.898 
306.715 
306.982 
307.742 
307.483 
307.868 
306.419 
305.418 
305.594 
305.513 
306.268 
305.319 
306.171 
305.528 
305.349 
305.177 
305.01 
305.012 
305.156 
305.014 
304.23 
304.702 
305.263 
305.385 
305.082 
305.006 
304.91 
304.828 
304.789 
304.873 
305.545 
305.769 
305.181 
305.188 
304.958 
305.171 
305.967 
305.347 
305.445 
305.534 
305.533 
306.556 
306.78 
307.621 
307.44 
306.742 
307.208 
306.944 
305.555 
305.928 
306.152 
306.377 
306.335 
306.385 
306.657 
307.036 
307.262 
307.436 
307.207 
307.713 
307.428 
308.349 
308.255 
307.965 
307.774 
307.701 
307.849 
307.939 
307.92 
307.67 
307.249 
306.86 
306.492 
306.408 
307.454 
307.543 
308.261 
307.955 
306.277 
306.023 
305.882 
305.304 
305.591 
305.454 
305.53 
305.373 
304.947 
305.842 
305.02 
305.176 
306.013 
304.197 
304.505 
304.621 
305.2 
305.001 
304.904 
304.833 
304.838 
304.69 
304.578 
304.721 
304.876 
305.019 
304.969 
305.445 
305.615 
305.824 
305.846 
305.718 
305.357 
305.779 
306.187 
306.773 
306.982 
307.308 
307.892 
307.009 
306.651 
306.131 
306.04 
305.48 
306.296 
306.361 
306.478 
306.757 
307.005 
307.214 
306.684 
307.511 
307.2 
308.117 
308.334 
308.061 
307.968 
307.742 
307.641 
307.751 
307.835 
307.807 
308.169 
307.804 
307.205 
307.147 
306.825 
307.393 
307.668 
307.837 
307.995 
306.901 
306.261 
306.335 
305.34 
305.571 
305.356 
305.254 
305.297 
305.282 
305.022 
305.325 
305.218 
305.179 
305.327 
305.064 
305.183 
305.279 
305.34 
305.181 
304.944 
304.937 
304.656 
304.576 
304.708 
304.836 
304.793 
305.184 
305.418 
305.605 
305.691 
306.145 
306.012 
305.233 
305.714 
306.173 
306.724 
307.136 
306.382 
307.797 
307.249 
306.829 
305.851 
306.193 
305.632 
306.853 
306.508 
306.113 
306.597 
307.028 
306.783 
306.852 
307.574 
307.775 
308.285 
307.976 
308.25 
307.926 
307.79 
307.627 
307.607 
307.541 
307.549 
308.087 
307.768 
307.075 
306.973 
307.009 
307.32 
307.713 
307.746 
307.985 
308.059 
306.808 
306.356 
304.795 
305.154 
305.684 
305.089 
304.989 
305.918 
305.919 
304.993 
305.204 
305.39 
305.652 
305.638 
305.385 
306.155 
305.44 
305.932 
305.853 
305.81 
305.104 
305.085 
304.889 
305.252 
305.254 
305.027 
305.355 
305.758 
305.821 
305.95 
305.345 
304.57 
305.085 
305.734 
306.166 
306.206 
306.395 
307.337 
306.961 
306.931 
305.845 
305.958 
306.276 
306.334 
306.506 
306.728 
306.957 
307.074 
307.375 
307.547 
307.481 
307.944 
308.047 
307.939 
308.45 
307.751 
307.703 
307.085 
307.245 
307.615 
307.593 
307.49 
306.96 
306.814 
306.863 
306.837 
307.631 
307.53 
308.281 
308.328 
307.804 
307.375 
307.019 
303.344 
304.225 
305.68 
305.36 
305.072 
305.138 
304.955 
304.735 
305.462 
305.521 
305.384 
305.499 
305.818 
305.442 
305.801 
305.241 
304.284 
304.176 
304.649 
304.969 
304.523 
305.205 
305.258 
305.057 
305.234 
306.196 
306.146 
304.878 
304.589 
304.111 
304.389 
304.726 
304.804 
304.907 
305.286 
305.881 
306.411 
306.353 
306.337 
306.442 
306.304 
306.566 
306.102 
306.632 
306.819 
307.212 
307.392 
306.824 
306.598 
307.806 
307.44 
308.274 
307.976 
307.535 
307.43 
307.413 
307.47 
307.535 
307.429 
307.356 
307.216 
306.947 
307.16 
306.638 
307.253 
306.845 
308.246 
307.689 
307.46 
306.872 
307.433 
302.014 
302.952 
304.788 
304.62 
304.864 
304.983 
305.744 
305.614 
305.367 
305.424 
305.485 
305.51 
305.508 
305.449 
305.787 
304.696 
303.628 
302.185 
303.361 
304.081 
305.168 
304.804 
305.384 
305.168 
305.054 
305.433 
304.427 
304.334 
304.085 
303.701 
303.434 
303.145 
302.605 
302.565 
303.33 
304.434 
305.127 
305.462 
305.71 
306.048 
306.035 
306.552 
306.674 
306.457 
306.2 
307.109 
307.267 
307.451 
307.648 
307.921 
308.02 
308.087 
308.231 
307.569 
307.087 
306.877 
307.006 
307.172 
307.157 
307.227 
307.127 
306.926 
306.645 
306.91 
307.181 
307.228 
307.773 
308.218 
307.683 
307.186 
306.878 
301.981 
301.93 
302.74 
303.741 
303.979 
304.808 
304.419 
304.973 
305.956 
306.07 
305.275 
305.344 
305.488 
305.475 
305.229 
305.081 
302.595 
301.712 
301.873 
303.958 
304.397 
305.005 
305.429 
305.135 
304.395 
303.045 
302.609 
302.618 
302.892 
302.968 
302.487 
301.902 
300.782 
300.193 
300.66 
302.423 
303.941 
304.69 
304.87 
305 
306.231 
306.634 
306.647 
305.657 
306.629 
306.515 
306.975 
306.917 
307.684 
307.846 
307.983 
308.209 
308.25 
307.73 
307.176 
305.758 
305.04 
305.835 
306.872 
307.068 
306.975 
306.803 
306.601 
306.629 
306.808 
307.486 
307.756 
307.676 
307.86 
307.715 
307.229 
301.278 
300.994 
301.205 
302.276 
303.45 
303.713 
303.208 
303.792 
304.639 
305.296 
304.881 
304.611 
304.6 
305.013 
305.586 
305.149 
304.446 
303.19 
301.947 
301.524 
302.478 
304.872 
305.078 
305.868 
304.448 
302.667 
300.768 
299.928 
300.375 
301.195 
301.049 
300.177 
298.962 
298.158 
298.384 
300.362 
302.723 
304.113 
305.232 
305.719 
306.221 
306.968 
306.404 
306.92 
306.321 
306.593 
306.768 
306.868 
307.312 
307.941 
308.036 
307.488 
307.93 
307.538 
306.319 
305.487 
304.702 
305.341 
307.108 
306.971 
306.345 
306.372 
306.34 
306.538 
306.863 
307.211 
307.568 
307.84 
308.017 
308.087 
307.771 
301.47 
300.902 
300.791 
301.216 
302.279 
302.705 
302.456 
302.077 
304.033 
305.504 
305.31 
305.383 
304.761 
304.764 
304.885 
305.248 
305.274 
304.721 
303.029 
301.624 
301.28 
303.217 
304.444 
304.021 
304.509 
303.029 
300.775 
298.678 
298.176 
299.088 
298.91 
297.711 
296.936 
296.408 
296.798 
299.163 
301.78 
303.511 
304.67 
305.72 
306.123 
305.55 
305.372 
306.157 
306.713 
306.977 
307.069 
306.805 
306.966 
307.572 
308.147 
308.307 
308.519 
308.133 
306.866 
305.734 
304.08 
304.338 
305.506 
305.928 
305.572 
305.642 
305.843 
306.35 
306.578 
306.852 
307.296 
307.559 
307.709 
307.926 
307.934 
301.702 
301.3 
301.213 
301.015 
301.401 
301.895 
302.39 
302.507 
303.852 
304.766 
304.688 
304.87 
304.77 
303.943 
303.692 
304.979 
304.923 
305.142 
304.477 
303.443 
302.068 
301.25 
302.207 
302.203 
303.194 
303.303 
302.124 
300.325 
298.488 
298.031 
297.473 
296.121 
294.916 
294.635 
296.314 
299.302 
301.701 
303.397 
304.444 
306.272 
305.899 
305.305 
305.122 
305.795 
306.462 
306.947 
306.89 
306.318 
306.431 
306.067 
307.509 
308.257 
308.255 
308.508 
306.896 
305.633 
304.676 
304.237 
304.505 
304.858 
304.354 
303.797 
304.58 
306.055 
306.585 
306.707 
306.698 
305.513 
305.888 
307.286 
307.847 
301.81 
301.173 
301.351 
301.134 
301.216 
301.201 
301.911 
302.366 
302.931 
303.215 
303.344 
305.296 
304.37 
304.097 
303.131 
303.595 
304.315 
304.839 
304.921 
304.662 
303.677 
301.915 
300.224 
299.984 
300.901 
301.993 
302.391 
301.411 
299.885 
298.833 
297.819 
296.535 
295.251 
294.845 
296.776 
299.703 
301.966 
303.3 
304.238 
304.944 
305.719 
305.683 
305.454 
305.061 
305.674 
307.027 
306.647 
306.835 
306.523 
306.308 
307.252 
308.057 
307.767 
308.543 
307.41 
306.193 
304.444 
303.277 
303.184 
303.464 
302.76 
302.416 
303.625 
305.388 
306.474 
305.729 
306.804 
305.309 
305.141 
305.037 
305.188 
