297.172 
297.345 
297.352 
297.349 
297.344 
297.341 
297.351 
297.379 
297.409 
297.432 
297.462 
297.503 
297.533 
297.535 
297.516 
297.238 
297.187 
297.124 
297.066 
297.035 
297.025 
297.02 
297.033 
297.111 
297.266 
297.404 
297.442 
297.446 
297.461 
297.472 
297.746 
297.785 
297.805 
297.795 
297.758 
297.721 
297.472 
297.461 
297.449 
297.434 
297.418 
297.404 
297.398 
297.397 
297.388 
297.365 
297.35 
297.384 
297.475 
297.576 
297.635 
297.667 
297.702 
297.732 
297.748 
297.736 
297.703 
297.675 
297.681 
297.72 
297.762 
297.787 
297.802 
297.825 
297.859 
297.891 
297.9 
298.103 
298.043 
297.977 
297.94 
297.337 
297.363 
297.383 
297.396 
297.406 
297.421 
297.441 
297.45 
297.439 
297.43 
297.454 
297.504 
297.54 
297.54 
297.521 
297.499 
297.232 
297.201 
297.168 
297.147 
297.153 
297.16 
297.125 
297.057 
297.095 
297.356 
297.558 
297.538 
297.539 
297.555 
297.554 
297.832 
297.822 
297.788 
297.743 
297.704 
297.464 
297.468 
297.469 
297.454 
297.428 
297.403 
297.391 
297.395 
297.397 
297.385 
297.355 
297.312 
297.294 
297.349 
297.454 
297.556 
297.636 
297.691 
297.705 
297.689 
297.669 
297.673 
297.707 
297.749 
297.777 
297.798 
297.821 
297.853 
297.885 
297.903 
297.893 
298.072 
298.001 
297.95 
297.962 
297.397 
297.424 
297.435 
297.427 
297.446 
297.505 
297.54 
297.518 
297.479 
297.469 
297.497 
297.518 
297.511 
297.493 
297.242 
297.262 
297.29 
297.312 
297.339 
297.642 
297.678 
297.443 
297.408 
297.295 
297.121 
297.112 
297.457 
297.631 
297.58 
297.604 
297.588 
297.853 
297.834 
297.791 
297.74 
297.706 
297.703 
297.485 
297.476 
297.452 
297.435 
297.433 
297.43 
297.412 
297.39 
297.389 
297.402 
297.389 
297.326 
297.243 
297.22 
297.298 
297.424 
297.54 
297.61 
297.635 
297.65 
297.68 
297.72 
297.752 
297.776 
297.797 
297.82 
297.848 
298.113 
298.122 
297.866 
297.823 
297.783 
297.971 
298.018 
297.451 
297.47 
297.461 
297.464 
297.527 
297.605 
297.616 
297.565 
297.513 
297.498 
297.509 
297.511 
297.5 
297.5 
297.528 
297.317 
297.647 
297.731 
297.83 
297.944 
298.032 
298.052 
297.678 
297.589 
297.414 
297.17 
297.139 
297.501 
297.624 
297.576 
297.601 
297.578 
297.573 
297.816 
297.768 
297.728 
297.711 
297.481 
297.472 
297.468 
297.482 
297.499 
297.495 
297.475 
297.458 
297.454 
297.446 
297.415 
297.361 
297.297 
297.245 
297.227 
297.236 
297.263 
297.338 
297.46 
297.571 
297.648 
297.709 
297.749 
297.765 
297.766 
297.776 
297.806 
298.063 
298.067 
298.039 
297.8 
297.992 
298.019 
298.059 
297.534 
297.526 
297.511 
297.555 
297.634 
297.674 
297.652 
297.605 
297.576 
297.574 
297.579 
297.585 
297.614 
297.686 
297.779 
297.871 
297.958 
298.047 
298.136 
298.218 
298.279 
298.307 
298.294 
298.214 
297.678 
297.416 
297.152 
297.156 
297.482 
297.574 
297.57 
297.592 
297.573 
297.56 
297.53 
297.581 
297.49 
297.486 
297.506 
297.542 
297.571 
297.572 
297.555 
297.536 
297.524 
297.518 
297.506 
297.476 
297.432 
297.39 
297.37 
297.376 
297.371 
297.303 
297.206 
297.192 
297.358 
297.605 
297.744 
297.796 
297.804 
297.786 
297.776 
297.764 
297.786 
297.951 
297.882 
297.79 
298.017 
298.047 
298.064 
297.594 
297.583 
297.59 
297.662 
297.711 
297.706 
297.683 
297.678 
297.703 
297.74 
297.771 
297.811 
297.878 
297.979 
298.095 
298.187 
298.248 
298.31 
298.391 
298.473 
298.543 
298.596 
298.618 
298.569 
298.231 
297.479 
297.299 
297.208 
297.175 
297.436 
297.541 
297.566 
297.566 
297.547 
297.537 
297.53 
297.524 
297.531 
297.568 
297.617 
297.641 
297.638 
297.629 
297.621 
297.616 
297.617 
297.62 
297.619 
297.612 
297.602 
297.583 
297.553 
297.519 
297.477 
297.399 
297.264 
297.166 
297.253 
297.448 
297.556 
297.568 
297.651 
297.691 
297.678 
297.724 
297.784 
297.771 
297.8 
297.815 
297.835 
297.838 
297.727 
297.689 
297.746 
297.807 
297.83 
297.805 
297.809 
297.874 
297.961 
298.021 
298.074 
298.151 
298.247 
298.351 
298.363 
298.108 
298.172 
298.242 
298.32 
298.38 
298.415 
298.423 
298.426 
298.919 
301.486 
300.07 
297.438 
297.563 
297.378 
297.275 
297.376 
297.529 
297.582 
297.581 
297.602 
297.608 
297.619 
297.647 
297.697 
297.745 
297.767 
297.771 
297.777 
297.788 
297.805 
297.825 
297.842 
297.852 
297.856 
297.852 
297.834 
297.817 
297.793 
297.77 
297.746 
297.714 
297.709 
297.709 
297.683 
297.909 
298.337 
298.584 
302.212 
301.261 
300.623 
297.723 
297.851 
297.807 
297.825 
297.809 
297.828 
300.77 
297.719 
297.828 
297.823 
297.804 
297.745 
297.766 
297.838 
297.914 
298.01 
298.114 
298.225 
298.338 
298.442 
298.529 
298.609 
298.7 
298.326 
298.404 
298.987 
299.036 
299.059 
299.067 
299.069 
302.455 
301.237 
297.839 
297.946 
297.949 
297.8 
300.6 
297.429 
297.726 
297.687 
297.757 
297.771 
297.811 
297.855 
298.231 
298.26 
297.928 
297.931 
297.947 
297.974 
298.002 
298.026 
298.041 
298.044 
298.037 
298.019 
297.99 
297.952 
297.931 
297.913 
297.892 
297.871 
297.872 
297.91 
297.97 
297.944 
298.149 
298.251 
298.018 
297.875 
297.811 
297.819 
297.857 
297.818 
297.815 
297.804 
297.829 
297.751 
297.811 
297.878 
297.963 
298.052 
298.191 
301.436 
298.486 
298.514 
302.904 
303.367 
303.496 
303.459 
303.159 
303.584 
303.676 
303.714 
303.772 
303.779 
303.728 
303.609 
303.392 
302.653 
302.788 
303.108 
302.568 
301.698 
301.27 
301.206 
297.756 
297.378 
297.366 
297.73 
297.836 
297.871 
297.913 
297.952 
298.37 
298.384 
298.375 
298.004 
298.016 
298.044 
298.447 
298.11 
298.128 
298.139 
298.141 
298.143 
298.135 
298.107 
298.075 
298.043 
298.022 
298.01 
297.987 
297.947 
297.897 
297.848 
297.693 
297.282 
297.534 
297.798 
297.751 
297.844 
297.835 
297.83 
297.811 
297.805 
297.825 
297.852 
297.942 
298.034 
298.11 
297.955 
297.962 
298.197 
298.448 
298.664 
298.865 
298.974 
299.095 
299.23 
299.404 
304.808 
304.274 
304.132 
304.253 
304.325 
304.204 
304.054 
304.26 
303.398 
303.893 
303.709 
303.663 
303.118 
302.226 
301.233 
301.216 
300.859 
299.725 
297.339 
297.681 
297.907 
297.899 
297.956 
297.993 
298.026 
298.023 
298.389 
298.397 
298.058 
298.089 
298.12 
298.144 
298.166 
298.194 
298.229 
298.267 
298.288 
298.28 
298.258 
298.226 
298.192 
298.167 
298.152 
298.128 
298.09 
298.052 
298.009 
297.849 
297.157 
297.457 
297.815 
297.803 
297.826 
297.802 
297.792 
297.806 
297.835 
297.871 
298.233 
298.254 
298.051 
298.233 
298.437 
298.663 
298.846 
298.983 
299.116 
299.295 
299.507 
299.715 
299.916 
300.111 
305.93 
305.823 
305.802 
305.654 
305.495 
304.952 
304.745 
304.564 
304.452 
304.309 
304.032 
303.599 
302.515 
301.299 
300.999 
301.246 
300.823 
300.293 
300.324 
297.676 
297.8 
297.849 
297.941 
297.971 
298.357 
298.39 
298.422 
298.478 
298.535 
298.598 
298.657 
298.733 
298.829 
298.926 
298.528 
298.554 
298.553 
298.551 
298.524 
298.471 
298.395 
298.321 
298.242 
298.15 
298.095 
298.092 
298.152 
298.22 
297.703 
300.499 
297.757 
297.842 
297.796 
297.816 
297.811 
297.83 
297.842 
298.436 
298.256 
298.429 
298.608 
298.8 
298.987 
299.143 
299.297 
299.47 
299.64 
299.747 
299.788 
299.794 
299.796 
299.811 
299.84 
299.882 
299.888 
299.896 
299.937 
304.858 
304.668 
304.264 
304.088 
303.891 
303.349 
303.055 
301.956 
301.172 
301.91 
302.129 
301.61 
301.915 
301.926 
301.915 
301.623 
301.27 
297.97 
298.13 
298.54 
298.396 
298.569 
298.743 
298.875 
299.005 
299.135 
299.268 
299.385 
299.464 
299.501 
299.502 
299.004 
298.975 
298.914 
298.85 
298.74 
298.587 
298.412 
298.246 
298.123 
298.118 
298.132 
297.749 
297.329 
297.806 
297.827 
297.855 
297.876 
297.868 
297.856 
297.803 
298.402 
298.556 
298.716 
298.88 
299.028 
299.148 
299.268 
299.385 
299.465 
299.488 
299.464 
299.428 
299.408 
299.416 
299.46 
299.536 
299.617 
299.682 
299.725 
299.783 
304.814 
304.675 
304.384 
303.828 
304.085 
303.356 
303.295 
302.921 
301.911 
301.547 
302.97 
303.297 
303.532 
303.332 
302.975 
302.571 
302.227 
301.951 
301.792 
301.485 
298.691 
298.87 
299.016 
299.212 
299.382 
299.523 
299.663 
299.787 
299.887 
299.972 
300.04 
300.039 
299.327 
299.094 
299.116 
299.289 
299.115 
298.904 
298.656 
298.401 
298.225 
298.336 
298.371 
297.2 
297.584 
297.92 
297.866 
297.946 
297.92 
297.915 
297.85 
298.637 
298.78 
298.914 
299.01 
299.07 
299.127 
299.183 
299.225 
299.244 
299.24 
299.224 
299.217 
299.234 
299.283 
299.374 
299.495 
299.64 
299.792 
304.624 
304.535 
304.696 
304.457 
304.33 
303.896 
303.694 
303.575 
303.723 
303.739 
303.039 
302.727 
303.257 
303.909 
303.888 
304.353 
304.249 
304.086 
303.776 
303.509 
303.416 
303.486 
303.59 
303.788 
303.986 
304.421 
304.535 
304.938 
305.455 
305.653 
305.807 
305.819 
305.709 
305.558 
304.793 
303.223 
298.957 
299.51 
299.522 
299.18 
298.815 
298.638 
298.496 
298.394 
298.392 
297.596 
297.225 
297.871 
297.886 
297.946 
297.931 
297.927 
297.889 
298.837 
298.949 
299.017 
299.051 
299.084 
299.128 
299.168 
299.194 
299.208 
299.214 
299.22 
299.253 
299.34 
299.479 
299.658 
299.838 
304.845 
305.167 
305.011 
304.368 
304.739 
304.04 
303.835 
303.712 
304.445 
303.896 
304.342 
304.266 
303.438 
302.286 
303.182 
304.219 
304.394 
304.689 
304.897 
304.538 
304.464 
304.078 
305.051 
305.245 
305.465 
305.647 
305.912 
306.15 
306.308 
306.54 
306.701 
306.748 
306.705 
306.445 
306.086 
305.932 
305.282 
302.69 
301.924 
302.849 
299.319 
299.182 
299.053 
299.076 
298.812 
298.375 
298.31 
298.267 
297.191 
297.558 
297.959 
297.859 
297.916 
297.896 
297.909 
298.937 
298.992 
299.04 
299.06 
299.08 
299.101 
299.095 
299.057 
299.022 
299.04 
299.149 
299.329 
299.543 
299.792 
300.01 
305.368 
305.301 
304.061 
304.295 
305.022 
305.007 
304.588 
304.468 
304.234 
304.75 
304.746 
304.516 
305.077 
303.333 
302.448 
303.087 
304.551 
304.776 
305.067 
305.047 
305.293 
305.777 
305.309 
305.219 
305.633 
305.28 
305.881 
306.152 
306.325 
306.26 
307.025 
306.812 
305.975 
305.958 
305.597 
304.554 
304.597 
304.18 
302.893 
301.929 
301.668 
301.365 
301.549 
302.183 
302.239 
299.18 
298.548 
298.524 
298.519 
297.574 
297.21 
297.898 
297.852 
297.931 
297.907 
297.888 
298.958 
298.952 
298.998 
299.037 
299.034 
299.005 
299.591 
299.044 
299.264 
299.667 
305.714 
305.779 
305.52 
306.195 
306.08 
305.923 
305.647 
305.334 
304.616 
305.216 
304.719 
304.657 
304.601 
304.343 
304.193 
303.979 
304.497 
304.31 
303.34 
302.233 
302.953 
304.749 
305.649 
305.358 
304.722 
304.276 
304.252 
303.96 
304.005 
305.195 
306.654 
306.988 
307.018 
306.95 
306.232 
306.279 
306.33 
306.274 
307.057 
306.61 
304.753 
303.2 
302.557 
302.386 
302.182 
301.402 
300.585 
300.911 
302.209 
303.04 
303.975 
302.584 
301.671 
301.365 
300.526 
297.154 
297.578 
297.958 
297.861 
297.866 
297.796 
298.95 
298.929 
298.96 
299.013 
299.66 
299.585 
299.324 
299.797 
305.717 
306.455 
306.527 
306.515 
305.886 
305.613 
305.643 
306.217 
305.82 
305.455 
304.588 
304.876 
305.143 
305.012 
304.814 
304.98 
305.226 
304.076 
304.073 
304.416 
303.238 
301.908 
302.333 
304.286 
305.41 
305.021 
304.371 
303.314 
302.581 
302.531 
303.065 
304.333 
306.386 
306.975 
307.193 
307.182 
307.221 
307.309 
307.452 
307.701 
307.248 
307.358 
305.098 
302.673 
301.178 
301.338 
301.921 
301.502 
300.716 
300.844 
301.772 
302.923 
303.414 
303.595 
302.546 
301.82 
301.386 
299.156 
297.255 
297.827 
297.781 
297.868 
297.802 
298.93 
298.914 
298.974 
299.726 
299.252 
299.545 
300.103 
305.795 
305.805 
306.91 
306.849 
306.739 
305.515 
305.73 
305.427 
305.234 
304.725 
305.249 
304.404 
304.817 
305.969 
306.003 
304.927 
305.142 
305.4 
304.839 
304.248 
304.126 
303.18 
301.803 
301.725 
303.088 
304.343 
304.31 
303.481 
302.369 
301.466 
301.423 
302.012 
303.363 
305.757 
306.753 
307.283 
307.47 
307.564 
307.162 
307.815 
308.796 
308.755 
308.083 
306.041 
302.686 
300.617 
300.404 
301.294 
301.749 
302.031 
301.559 
301.268 
301.448 
301.658 
302.031 
302.427 
302.095 
302.148 
300.078 
299.959 
300.9 
300.63 
297.808 
297.89 
298.952 
298.993 
299.129 
299.358 
299.688 
300.206 
300.8 
305.971 
305.771 
306.465 
306.408 
305.639 
306.476 
305.466 
305.256 
305.24 
305.978 
305.009 
304.912 
304.794 
305.813 
306.117 
305.536 
306.717 
306.569 
305.197 
304.577 
303.8 
303.211 
302.455 
301.918 
302.381 
303.031 
302.914 
302.018 
301.633 
301.757 
301.521 
301.939 
303.276 
304.769 
305.771 
307.487 
307.758 
307.949 
308.291 
308.768 
309.078 
308.842 
307.749 
306.374 
303.807 
301.584 
300.398 
300.457 
301.448 
303.412 
303.696 
302.428 
301.372 
301.021 
301.396 
301.841 
302.364 
302.777 
301.218 
301.336 
300.873 
297.927 
298.056 
298.426 
299.093 
299.191 
299.398 
299.745 
300.313 
300.909 
306.108 
305.699 
305.378 
305.57 
305.316 
305.452 
305.403 
305.269 
305.299 
305.644 
306.47 
305.289 
304.659 
304.739 
304.701 
306.211 
305.868 
307.131 
307.032 
305.981 
305.484 
304.678 
304.087 
304.088 
303.481 
302.561 
302.065 
301.533 
300.934 
301.651 
302.776 
303.508 
303.78 
304.348 
305.238 
306.375 
307.831 
308.066 
308.328 
308.676 
308.976 
308.938 
308.911 
308.553 
307.309 
305.078 
303.382 
301.584 
300.918 
301.998 
304.089 
304.685 
304.673 
303.613 
302.384 
302.456 
302.648 
302.599 
302.877 
302.354 
298.158 
300.975 
298.012 
298.684 
299.176 
299.28 
299.464 
299.845 
300.516 
306.237 
306.114 
305.821 
305.738 
307.022 
306.983 
306.902 
306.831 
306.783 
306.814 
306.74 
306.595 
305.468 
305.48 
306.473 
305.068 
305.218 
306.311 
306.255 
307.36 
307.359 
307.371 
305.832 
306.22 
305.701 
305.381 
304.932 
303.877 
302.748 
301.656 
300.696 
301.324 
303.068 
304.796 
305.52 
305.294 
306.377 
306.574 
307.982 
308.232 
308.576 
308.816 
308.968 
308.701 
308.48 
307.965 
306.403 
305.685 
304.76 
303.629 
302.91 
303.386 
305.044 
306.544 
306.649 
304.965 
304.172 
303.739 
303.472 
303.191 
303.215 
303.141 
301.25 
298.014 
302.795 
299.526 
305.024 
299.631 
300.154 
305.673 
306.121 
306.305 
306.579 
306.329 
307.405 
307.313 
307.003 
305.905 
306.135 
307.75 
307.677 
307.475 
307.195 
307.072 
307.237 
307.274 
307.226 
306.677 
307.636 
306.972 
306.453 
307.472 
307.562 
307.586 
306.849 
307.052 
306.969 
305.997 
305.245 
304.487 
302.447 
300.807 
300.972 
302.776 
304.481 
305.719 
306.219 
307.146 
307.496 
308.074 
308.287 
308.647 
308.935 
308.769 
308.351 
307.73 
306.74 
305.988 
305.672 
305.734 
305.54 
304.784 
304.788 
306.459 
306.891 
306.501 
306.039 
305.592 
304.969 
304.399 
303.939 
303.914 
303.647 
298.368 
298.346 
299.747 
300.527 
307.554 
305.197 
305.83 
305.953 
306.425 
306.404 
306.448 
306.975 
306.53 
306.264 
307.466 
307.826 
308.271 
308.417 
308.349 
308.236 
307.975 
307.654 
307.599 
307.64 
307.875 
308.107 
307.321 
307.313 
308.008 
307.771 
307.738 
307.59 
307.196 
307.394 
307.029 
306.465 
305.696 
305.497 
303.872 
301.938 
301.475 
302.354 
303.833 
304.882 
306.151 
306.866 
307.496 
307.763 
308.112 
308.509 
308.625 
308.432 
307.986 
306.511 
305.558 
305.774 
306.535 
306.616 
306.533 
306.146 
306.538 
306.941 
306.635 
306.186 
305.921 
305.613 
305.189 
304.811 
304.654 
304.697 
303.929 
298.212 
298.674 
300.663 
301.417 
302.074 
306.111 
306.117 
306.37 
306.513 
306.651 
306.61 
306.541 
306.095 
306.532 
307.141 
308.337 
308.369 
308.309 
308.258 
308.143 
307.832 
306.473 
307.666 
307.426 
307.867 
308.395 
308.307 
308.232 
308.27 
308.231 
307.97 
307.746 
307.411 
306.23 
306.153 
306.004 
306.335 
306.648 
306.212 
304.987 
303.882 
304.071 
304.602 
305.419 
306.31 
306.275 
307.194 
307.403 
307.61 
307.956 
308.089 
308.251 
308.03 
306.953 
305.766 
306.041 
307.46 
307.59 
307.347 
307.111 
307.186 
307.039 
306.538 
306.135 
305.743 
305.433 
305.19 
305.053 
305.187 
305.296 
304.016 
301.633 
304.05 
301.215 
301.587 
301.629 
306.304 
306.023 
306.095 
306.785 
307.116 
306.998 
307.14 
307.806 
308.412 
308.406 
308.247 
307.989 
307.041 
308.237 
308.149 
307.863 
306.727 
306.719 
306.574 
307.044 
308.338 
308.284 
308.247 
308.128 
308.13 
308.176 
307.98 
307.642 
306.797 
306.074 
305.207 
306.457 
306.494 
306.999 
306.577 
306.221 
305.952 
306.177 
306.621 
306.939 
306.992 
307.327 
307.56 
307.212 
306.962 
307.999 
308.294 
308.163 
307.573 
307.27 
307.493 
307.725 
307.635 
307.403 
307.3 
307.2 
306.812 
306.539 
306.287 
305.813 
305.424 
305.353 
305.39 
305.64 
305.548 
304.054 
302.799 
300.196 
301.661 
307.379 
307.604 
306.262 
306.732 
306.684 
307.098 
306.698 
307.087 
307.502 
307.696 
308.451 
308.245 
307.963 
306.929 
307.895 
306.71 
306.788 
306.68 
307.024 
307.129 
307.936 
307.353 
308.483 
308.298 
308.306 
308.194 
308.09 
307.972 
306.891 
307.982 
307.832 
306.113 
307.215 
307.046 
307.878 
307.955 
308.118 
307.751 
307.482 
307.452 
307.624 
307.452 
307.897 
308.056 
308.427 
308.336 
307.414 
307.63 
308.365 
308.199 
307.954 
307.881 
307.835 
307.647 
307.55 
307.514 
307.369 
306.898 
306.435 
306.395 
306.341 
305.953 
305.569 
305.581 
305.849 
306.377 
306.137 
304.439 
299.409 
300.633 
301.95 
307.93 
308.074 
305.891 
306.427 
307.194 
306.977 
307.621 
307.666 
308.455 
308.271 
308.005 
307.748 
306.561 
306.934 
307.007 
307.951 
306.649 
306.883 
306.919 
307.776 
306.703 
307.56 
308.384 
308.255 
308.264 
308.212 
308.24 
308.071 
307.979 
308.064 
307.971 
307.778 
308.565 
308.159 
307.977 
308.188 
308.14 
307.952 
307.814 
307.739 
307.875 
308.079 
308.273 
308.529 
308.55 
308.701 
308.612 
308.511 
308.407 
308.288 
308.057 
307.805 
307.641 
307.555 
307.51 
307.489 
307.253 
306.712 
306.368 
306.356 
306.284 
306.016 
305.786 
305.893 
300.82 
301.195 
300.872 
299.907 
299.645 
300.959 
302.017 
302.529 
308.877 
304.761 
305.781 
307.624 
308.049 
308.163 
307.229 
306.726 
306.975 
306.714 
306.638 
306.736 
307.093 
306.904 
308.247 
308.033 
307.936 
307.078 
308.308 
308.156 
307.268 
308.198 
307.984 
307.038 
308.205 
308.134 
308.172 
307.938 
308.38 
308.486 
308.575 
308.233 
307.944 
308.364 
308.219 
308.14 
308.014 
307.899 
307.918 
308.19 
308.454 
308.612 
308.512 
308.147 
308.577 
308.496 
308.506 
308.389 
308.314 
308.076 
307.605 
307.259 
307.146 
307.141 
307.104 
306.945 
306.673 
306.488 
306.477 
306.368 
306.193 
306.091 
306.055 
300.668 
301.034 
300.347 
299.758 
299.845 
301.116 
301.911 
302.504 
308.766 
306.116 
306.451 
307.599 
308.16 
308.076 
306.91 
307.505 
306.66 
306.806 
306.411 
306.536 
306.506 
306.443 
306.601 
306.62 
307.703 
307.696 
308.221 
307.81 
306.586 
307.872 
307.646 
306.478 
306.659 
308.108 
308.284 
308.496 
308.738 
308.383 
308.18 
308.089 
307.818 
308.317 
308.222 
308.147 
308.059 
308.12 
308.346 
308.58 
308.592 
308.551 
308.555 
308.454 
308.431 
307.793 
308.431 
308.382 
308.278 
307.964 
307.625 
307.163 
306.845 
306.709 
306.633 
306.611 
306.605 
306.617 
306.642 
306.547 
306.405 
306.323 
306.418 
306.215 
300.645 
300.042 
299.729 
299.961 
301.139 
301.939 
309.116 
302.882 
305.184 
306.57 
307.663 
308.243 
308.092 
308.029 
306.816 
306.904 
307.308 
306.895 
306.97 
307.655 
306.456 
306.034 
305.878 
305.223 
304.229 
307.877 
307.528 
306.48 
307.531 
306.04 
305.608 
307.182 
307.813 
307.758 
307.921 
308.202 
307.847 
306.548 
307.92 
308.002 
308.329 
308.324 
308.27 
308.314 
308.525 
308.703 
308.621 
308.333 
308.237 
307.774 
308.396 
308.522 
308.447 
308.423 
308.384 
308.246 
307.946 
307.696 
307.4 
307.017 
306.651 
306.47 
306.555 
306.728 
306.831 
306.833 
306.82 
306.763 
306.805 
307.095 
300.928 
300.271 
299.9 
299.762 
300.084 
301.143 
302.025 
303.089 
302.814 
305.495 
305.658 
307.644 
307.548 
306.482 
306.354 
306.19 
306.508 
306.67 
306.687 
306.706 
306.835 
306.563 
305.915 
305.871 
306.346 
305.323 
305.794 
305.905 
306.443 
307.685 
305.407 
304.462 
304.966 
305.699 
307.337 
306.611 
307.64 
307.175 
306.485 
306.865 
307.192 
308.084 
308.253 
308.589 
308.641 
308.679 
308.678 
308.569 
308.284 
307.097 
307.745 
308.345 
308.45 
308.518 
308.482 
308.358 
308.198 
307.947 
307.738 
307.553 
307.337 
307.018 
306.823 
306.904 
307.034 
307.065 
307.05 
307.072 
307.076 
307.036 
301.118 
300.47 
300.089 
299.948 
299.869 
300.158 
301.14 
302.168 
303.164 
302.793 
305.68 
305.903 
306.681 
307.211 
306.662 
306.402 
305.84 
306.029 
306.302 
306.564 
306.761 
306.914 
306.82 
306.176 
305.531 
304.76 
304.884 
305.219 
305.765 
306.522 
308.185 
306.477 
304.948 
304.645 
305.159 
306.686 
304.516 
304.688 
304.371 
304.731 
305.866 
305.493 
305.977 
307.216 
306.848 
307.92 
307.724 
308.162 
307.847 
307.241 
308.326 
308.12 
308.193 
307.961 
308.343 
307.794 
307.212 
308.041 
307.938 
307.74 
307.628 
307.533 
307.391 
307.28 
307.298 
307.307 
307.264 
307.237 
307.44 
307.475 
307.501 
300.645 
300.27 
300.038 
299.908 
299.933 
300.345 
301.176 
302.383 
302.603 
302.078 
306.126 
306.154 
306.268 
306.923 
306.839 
306.393 
305.984 
305.735 
306.215 
306.635 
306.823 
306.956 
307.098 
306.598 
305.613 
304.824 
304.625 
305.437 
306.301 
307.164 
308.214 
308.067 
307.298 
305.52 
305.572 
305.455 
304.37 
303.617 
302.573 
302.573 
302.952 
303.177 
303.404 
304.602 
306.105 
307.462 
308.104 
307.686 
307.317 
307.104 
308.013 
308.011 
308.192 
308.234 
308.188 
308.052 
307.672 
307.928 
308.03 
307.78 
307.616 
307.501 
307.493 
307.522 
307.575 
307.549 
307.571 
307.615 
307.557 
307.205 
300.928 
300.213 
300.013 
299.93 
304.731 
304.879 
300.272 
301.208 
302.802 
302.583 
302.344 
306.324 
306.057 
306.527 
307.026 
306.696 
306.175 
305.725 
305.728 
306.409 
306.751 
306.671 
306.656 
306.694 
306.884 
306.969 
305.413 
305.739 
307.871 
309.031 
306.841 
308.043 
308.029 
306.54 
306.066 
305.669 
305.599 
304.318 
303.05 
302.05 
302.063 
301.302 
301.419 
301.686 
303.015 
304.395 
305.299 
306.342 
308.165 
306.802 
308.2 
307.834 
307.863 
307.916 
308.087 
308.153 
308.09 
307.832 
307.99 
308.059 
307.838 
307.62 
307.465 
307.435 
307.531 
307.607 
307.63 
307.691 
307.754 
307.679 
307.165 
306.007 
304.765 
304.379 
304.867 
305.443 
305.661 
306.146 
301.264 
303.006 
302.515 
301.362 
306.111 
306.243 
306.321 
306.772 
306.88 
306.562 
305.878 
305.497 
305.591 
306.692 
306.396 
306.246 
306.291 
307.327 
307.088 
305.525 
305.626 
306.136 
307.287 
306.495 
306.985 
308.084 
307.78 
305.98 
305.522 
305.458 
304.624 
302.796 
302.156 
301.882 
300.68 
300.404 
301.174 
302.181 
302.793 
302.952 
305.472 
307.878 
308.541 
308.05 
307.681 
307.486 
307.587 
307.858 
308.083 
308.19 
308.205 
308.162 
308.074 
307.852 
307.572 
307.468 
307.449 
307.518 
307.633 
307.841 
307.956 
307.938 
307.682 
307.171 
305.96 
305.252 
305.267 
305.555 
306.033 
306.254 
300.887 
301.309 
302.589 
301.887 
300.922 
306.283 
306.44 
306.448 
306.58 
306.868 
306.716 
306.778 
305.963 
304.976 
306.567 
305.81 
305.671 
306.163 
305.755 
305.422 
306.578 
305.013 
306.397 
305.33 
306.163 
306.642 
307.907 
307.769 
306.157 
306.085 
305.859 
305.667 
304.03 
303.298 
302.272 
301.011 
299.972 
300.434 
301.883 
302.288 
302.401 
303.649 
305.449 
307.954 
308.117 
307.657 
307.422 
307.442 
307.63 
307.931 
308.199 
308.121 
308.109 
307.994 
307.858 
307.639 
307.382 
307.434 
307.562 
307.729 
307.905 
308.097 
308.05 
307.829 
307.416 
306.628 
306.061 
306.06 
306.471 
306.925 
306.919 
300.799 
301.245 
302.475 
302.192 
301.142 
306.241 
306.475 
306.582 
306.581 
306.53 
306.413 
306.804 
306.254 
305.685 
305.936 
305.5 
305.292 
305.44 
305.455 
304.592 
306.541 
305.894 
306.516 
306.906 
307.06 
306.195 
306.38 
306.719 
306.652 
305.75 
305.765 
305.892 
305.35 
304.635 
303.788 
302.455 
300.475 
300.422 
301.586 
301.91 
301.929 
302.447 
303.649 
306.179 
307.498 
307.958 
307.818 
307.67 
307.731 
307.782 
308.04 
308.098 
308.061 
308.014 
307.959 
307.64 
307.508 
307.544 
307.704 
307.697 
308.267 
308.679 
308.556 
307.956 
307.625 
307.354 
307.073 
307.348 
307.661 
307.755 
307.558 
306.432 
300.987 
302.34 
302.255 
301.393 
305.822 
306.072 
306.081 
306.032 
306.131 
306.207 
306.582 
306.859 
306.848 
306.738 
304.905 
304.692 
305.053 
305.868 
305.138 
306.209 
306.4 
306.654 
306.877 
305.918 
306.021 
306.338 
306.788 
307.062 
307.853 
306.022 
306.147 
305.88 
305.469 
305.322 
303.654 
302.467 
301.148 
301.076 
301.001 
302.034 
301.976 
303.727 
304.74 
305.606 
306.763 
307.269 
307.545 
307.593 
307.674 
307.774 
307.869 
307.516 
307.238 
307.317 
307.845 
307.781 
307.873 
307.996 
308.189 
302.304 
302.25 
302.057 
301.956 
308.089 
307.884 
308.123 
302.257 
302.274 
308.334 
307.849 
307.019 
306.266 
302.45 
302.254 
301.512 
304.218 
304.317 
304.129 
304.342 
304.858 
305.82 
306.386 
306.692 
306.473 
305.478 
304.736 
303.501 
304.695 
303.953 
304.715 
305.301 
306.557 
305.484 
305.752 
304.884 
304.793 
305.39 
305.477 
306.019 
306.102 
306.338 
307.461 
307.305 
306.632 
304.647 
303.39 
302.791 
302.007 
302.105 
301.884 
301.709 
302.712 
303.218 
304.302 
304.987 
305.444 
306.016 
306.179 
306.284 
307.06 
307.394 
307.686 
307.569 
307.742 
307.836 
308.065 
308.044 
308.156 
308.177 
307.79 
302.042 
302.107 
301.889 
301.935 
302.123 
302.192 
302.424 
302.3 
302.342 
302.647 
308.691 
307.881 
307.69 
302.776 
302.032 
301.69 
304.119 
304.647 
304.224 
304.039 
304.194 
305.816 
306.451 
306.578 
306.16 
305.522 
304.837 
305.028 
304.355 
303.517 
304.696 
305.133 
305.461 
305.562 
305.811 
304.567 
304.976 
305.524 
305.688 
304.872 
304.548 
305.051 
305.257 
305.366 
305.391 
305.54 
304.479 
304.347 
302.916 
302.845 
302.758 
302.85 
302.12 
302.39 
304.025 
304.363 
304.669 
305.063 
304.675 
303.763 
304.881 
305.947 
307.045 
307.904 
308.396 
308.274 
308.118 
308.292 
308.226 
308.146 
307.863 
307.615 
301.716 
301.841 
302.087 
302.071 
302.197 
302.277 
302.232 
302.459 
302.855 
302.876 
303.165 
303.17 
302.562 
301.68 
301.839 
304.409 
304.587 
304.523 
304.404 
304.387 
305.261 
305.834 
305.935 
305.453 
305.222 
304.379 
304.934 
304.074 
304.704 
304.967 
305.33 
305.554 
305.851 
305.353 
304.888 
304.806 
304.833 
304.623 
304.127 
303.96 
304.149 
304.732 
304.749 
305.394 
304.679 
304.744 
304.492 
304.465 
304.02 
303.739 
303.549 
303.644 
303.847 
303.929 
303.644 
303.356 
303.363 
302.785 
301.257 
302.757 
304.257 
305.378 
306.393 
307.704 
308.191 
308.188 
308.362 
308.262 
308.121 
307.938 
307.836 
307.663 
307.682 
302.049 
302.306 
302.164 
302.156 
302.079 
302.544 
303.208 
303.197 
303.102 
302.872 
301.954 
301.615 
302.037 
305.907 
305.409 
304.948 
304.755 
305.302 
305.673 
305.989 
305.485 
304.889 
305.049 
303.676 
304.094 
304.391 
305.383 
305.276 
305.454 
305.116 
305.56 
305.611 
305.281 
304.481 
304.047 
303.399 
303.347 
303.537 
303.625 
304.186 
304.34 
304.05 
304.104 
304.698 
303.716 
304.468 
304.218 
304.076 
304.081 
304.186 
303.884 
303.275 
302.693 
302.471 
302.149 
301.619 
301.638 
301.997 
302.89 
304.271 
304.814 
306.111 
306.964 
307.748 
308.258 
308.297 
308.174 
308.109 
307.971 
307.444 
307.768 
307.529 
302.317 
302.231 
302.038 
302.002 
302.749 
302.852 
302.93 
302.882 
302.448 
301.621 
301.695 
301.889 
305.8 
305.894 
304.67 
304.898 
305.6 
306.577 
306.686 
304.7 
303.751 
303.793 
305.168 
303.583 
304.274 
305.103 
304.843 
305.21 
304.848 
305.023 
305.362 
305.649 
304.301 
303.698 
303.396 
303.344 
303.483 
303.502 
304.007 
304.075 
304.102 
305.138 
304.76 
304.452 
304.049 
303.924 
304.029 
304.167 
304.008 
303.195 
302.07 
301.571 
302.287 
302.347 
301.974 
301.859 
302.335 
302.18 
303.009 
304.976 
305.157 
306.145 
306.626 
307.264 
307.844 
307.755 
308.121 
308.106 
308.015 
307.432 
307.106 
307.076 
302.171 
302.117 
302.001 
302.739 
302.801 
302.757 
302.6 
302.121 
301.73 
301.691 
301.431 
305.941 
306.142 
305.132 
305.107 
305.152 
306.427 
305.78 
305.268 
304.823 
304.54 
304.779 
305.494 
303.945 
304.835 
304.66 
304.759 
305.229 
304.862 
304.877 
304.783 
304.136 
303.629 
303.587 
303.96 
303.972 
303.819 
304.171 
304.042 
304.176 
304.863 
304.048 
303.462 
303.484 
303.484 
303.625 
303.761 
303.268 
301.932 
300.98 
300.722 
301.177 
301.813 
301.705 
302.037 
302.406 
302.389 
302.831 
304.008 
305.073 
305.893 
306.218 
306.07 
306.483 
307.024 
308.023 
308.173 
308.118 
307.528 
307.707 
307.714 
307.029 
302.337 
302.049 
302.56 
302.781 
302.77 
302.478 
301.95 
301.7 
301.662 
301.337 
306.22 
306.523 
306.884 
305.872 
305.206 
305.302 
304.813 
304.475 
305.278 
304.392 
304.481 
304.798 
304.44 
304.564 
304.529 
304.603 
304.758 
304.827 
304.411 
303.798 
303.766 
303.558 
303.834 
304.561 
304.594 
305.213 
304.231 
304.043 
305.051 
304.508 
303.392 
301.731 
301.719 
303.148 
303.017 
303.553 
302.473 
300.534 
299.993 
299.402 
300.429 
301.126 
301.002 
301.486 
301.902 
302.278 
302.655 
303.34 
303.825 
304.767 
305.609 
305.477 
305.279 
305.055 
306.665 
307.797 
307.709 
307.438 
307.803 
307.067 
307.726 
306.826 
302.125 
301.945 
302.366 
302.436 
302.318 
301.686 
301.628 
301.39 
301.109 
306.457 
306.328 
306.136 
305.424 
305.421 
305.186 
304.269 
304.251 
305.337 
305.325 
305.723 
304.845 
304.852 
304.59 
304.652 
304.788 
304.634 
304.47 
303.878 
303.214 
303.528 
303.781 
304.24 
305.333 
305.459 
305.297 
303.707 
303.013 
304.254 
303.972 
302.986 
301.259 
301.563 
302.571 
302.437 
303.292 
301.831 
300.258 
300.526 
299.5 
299.637 
300.307 
300.105 
300.822 
301.192 
301.619 
301.504 
302.247 
302.833 
303.875 
304.175 
304.444 
303.887 
304.462 
305.43 
306.589 
307.258 
307.316 
307.816 
307.551 
306.666 
307.125 
306.325 
306.82 
306.474 
306.998 
301.63 
301.762 
301.792 
301.491 
300.938 
306.22 
305.575 
304.975 
305.49 
305.353 
305.25 
304.685 
304.154 
305.583 
304.554 
305.354 
304.904 
304.637 
304.663 
304.786 
304.941 
304.627 
304.184 
303.603 
303.105 
303.467 
303.582 
303.933 
304.222 
304.508 
305.36 
304.239 
303.095 
302.712 
302.939 
302.152 
301.564 
301.23 
302.067 
302.614 
302.457 
300.834 
299.439 
300.853 
300.333 
300.374 
300.023 
299.73 
299.613 
300.546 
300.736 
300.697 
302.181 
302.645 
302.717 
302.755 
303.545 
303.306 
304.048 
304.795 
305.501 
305.989 
306.223 
306.444 
306.641 
306.33 
307.11 
306.615 
306.54 
306.436 
306.546 
305.874 
305.732 
302.078 
305.164 
305.082 
306.763 
306.044 
305.121 
306.874 
305.596 
305.473 
304.689 
304.008 
304.123 
304.34 
305.073 
304.616 
304.415 
304.71 
304.647 
304.842 
304.234 
304.062 
303.914 
303.698 
303.803 
303.872 
303.86 
303.69 
304.693 
304.868 
303.293 
303.404 
301.876 
302.266 
302.426 
301.575 
301.393 
301.817 
303.064 
301.603 
299.626 
299.917 
300.953 
300.037 
300.324 
299.99 
299.507 
299.438 
299.498 
299.446 
300.016 
300.827 
302.053 
301.963 
301.542 
303.056 
303.572 
304.072 
304.563 
304.925 
305.268 
304.824 
304.809 
305.23 
305.698 
306.166 
306.663 
306.643 
307.163 
307.464 
306.05 
306.519 
306.819 
306.01 
306.049 
305.677 
306.35 
306.835 
306.317 
305.669 
305.107 
305.546 
304.823 
304.456 
304.59 
304.998 
304.189 
304.355 
304.602 
304.627 
304.711 
304.276 
304.225 
304.026 
304.018 
304.044 
303.861 
303.585 
303.305 
303.492 
303.763 
303.625 
302.988 
302.678 
302.612 
302.599 
302.102 
301.856 
301.838 
302.919 
302.024 
300.859 
300.59 
301.141 
300.082 
300.25 
300.327 
299.471 
299.272 
299.185 
298.997 
299.6 
300.771 
300.941 
301.026 
301.555 
302.471 
303.267 
303.919 
304.439 
304.979 
305.239 
305.154 
304.972 
304.133 
304.281 
305.216 
306.734 
306.813 
306.995 
307.95 
306.863 
306.681 
305.853 
306.105 
306.135 
306.362 
306.595 
307.33 
306.475 
305.691 
305.447 
304.995 
304.789 
304.606 
304.523 
303.992 
303.747 
303.946 
304.506 
304.383 
304.54 
304.386 
304.442 
304.428 
304.438 
305.105 
304.853 
303.797 
303.66 
303.335 
303.26 
303.465 
303.371 
303.27 
302.947 
302.5 
302.084 
302.217 
302.476 
302.24 
302.186 
301.999 
301.335 
300.577 
300.109 
300.078 
300.054 
299.769 
299.438 
299.293 
299.099 
299.277 
301.198 
300.831 
302.053 
301.567 
301.952 
303.269 
304.074 
304.712 
305.124 
305.408 
305.475 
305.257 
304.52 
304.128 
304.286 
305.585 
306.374 
306.425 
307.359 
307.362 
307.149 
306.627 
305.994 
306.412 
306.039 
306.286 
306.848 
306.135 
305.121 
305.32 
305.322 
304.759 
304.526 
305.057 
303.313 
303.566 
303.807 
304.363 
304.451 
304.466 
304.399 
304.485 
304.436 
304.254 
304.218 
304.071 
303.966 
304.015 
303.891 
303.289 
303.359 
303.501 
303.672 
303.568 
302.904 
302.462 
302.799 
302.563 
302.853 
302.959 
302.018 
301.137 
300.967 
300.162 
300.264 
300.092 
300.229 
300.031 
300.048 
300.39 
299.619 
300.343 
300.944 
301.313 
301.635 
301.62 
302.611 
303.996 
304.796 
304.936 
305.154 
305.251 
304.906 
304.472 
305.01 
304.919 
305.054 
305.229 
307.118 
307.735 
307.764 
307.073 
306.145 
305.972 
306.621 
305.916 
306.117 
306.464 
305.679 
304.615 
304.547 
304.652 
304.927 
304.837 
304.64 
304.353 
304.396 
304.429 
304.473 
304.952 
305 
304.792 
304.77 
304.49 
304.418 
304.462 
304.252 
304.13 
304.454 
304.343 
303.884 
303.568 
303.776 
304.386 
303.908 
303.417 
303.346 
303.739 
303.551 
303.393 
304.009 
303.526 
302.674 
301.096 
300.325 
300.573 
300.797 
300.902 
300.424 
300.071 
299.778 
299.517 
300.089 
301.034 
301.561 
301.294 
301.111 
303.167 
303.792 
304.649 
304.148 
304.253 
304.988 
304.894 
305.312 
305.464 
305.207 
305.009 
304.234 
305.623 
306.609 
307.578 
307.494 
305.649 
305.838 
306.351 
305.233 
305.554 
305.618 
305.25 
305.034 
305.615 
305.425 
304.818 
304.665 
304.636 
304.715 
304.958 
304.463 
304.926 
304.989 
305.385 
305.297 
304.984 
305.012 
304.97 
304.692 
304.579 
304.544 
304.488 
304.442 
303.978 
303.735 
304.089 
303.908 
303.462 
303.219 
303.331 
303.556 
303.785 
303.989 
304.45 
304.25 
303.671 
302.289 
301.02 
301.074 
301.251 
301.557 
300.79 
300.719 
300.093 
299.787 
300.334 
301.083 
301.812 
301.262 
302.092 
302.321 
302.513 
304.307 
303.036 
302.641 
304.841 
305.424 
306.326 
305.618 
304.985 
304.575 
304.213 
304.625 
305.916 
306.552 
305.733 
305.114 
305.169 
305.871 
307.509 
305.17 
306.862 
305.639 
305.102 
305.026 
304.621 
304.604 
305.162 
305.228 
305.149 
304.873 
304.891 
304.869 
306.069 
305.204 
303.674 
304.142 
304.393 
304.527 
304.075 
304.296 
304.159 
304.208 
303.939 
303.567 
303.267 
303.411 
303.153 
302.829 
302.391 
302.158 
302.101 
302.361 
303.61 
303.914 
304.388 
304.231 
303.208 
302.064 
301.77 
301.566 
301.611 
301.109 
300.97 
299.7 
299.609 
299.995 
300.88 
301.988 
301.689 
301.935 
303.193 
302.892 
303.842 
304.053 
303.856 
303.639 
304.457 
306.126 
306.258 
305.439 
304.359 
303.557 
304.423 
304.735 
305.434 
305.446 
305.068 
304.532 
304.86 
302.588 
303.673 
305.897 
305.273 
304.931 
304.93 
305.633 
305.691 
305.591 
305.72 
305.531 
305.087 
305.15 
304.979 
304.667 
303.555 
301.701 
302.037 
303.057 
304.324 
304.87 
304.301 
304.03 
303.427 
302.992 
302.884 
302.132 
302.737 
302.032 
302.199 
301.042 
300.551 
300.398 
300.541 
302.342 
303.135 
303.844 
303.954 
303.175 
302.099 
302.175 
302.031 
301.688 
300.817 
300.634 
299.721 
299.731 
300.632 
301.498 
301.908 
301.409 
301.311 
301.774 
302.262 
303.396 
304.068 
304.416 
304.542 
304.977 
305.644 
305.947 
305.343 
304.857 
303.874 
304.329 
305.513 
305.818 
306.068 
305.272 
304.428 
304.074 
301.498 
301.826 
302.737 
304.728 
304.448 
305.073 
305.166 
305.726 
306.544 
306.498 
305.986 
305.629 
305.711 
305.671 
305.411 
304.874 
302.208 
301.863 
302.292 
303.838 
304.213 
304.533 
303.852 
303.274 
303.116 
301.556 
301.114 
301.252 
301.267 
301.573 
300.504 
299.759 
300.025 
300.168 
300.164 
302.008 
303.276 
303.751 
303.046 
301.782 
302.435 
302.214 
301.886 
300.682 
300.383 
299.669 
299.907 
300.549 
301.796 
301.897 
300.622 
300.563 
301.387 
301.969 
302.592 
303.211 
303.669 
304.351 
304.96 
304.403 
305.08 
305.335 
305.08 
304.428 
304.766 
306.072 
305.861 
305.531 
305.335 
305.155 
304.417 
301.827 
300.835 
300.96 
301.884 
303.734 
303.842 
303.759 
304.217 
305.385 
306.249 
306.071 
305.364 
304.921 
304.857 
305.7 
305.647 
305.043 
304.171 
302.95 
302.067 
302.357 
303.793 
303.836 
303.625 
303.667 
302.141 
300.836 
299.909 
300.635 
301.173 
300.79 
300.327 
300.663 
299.809 
299.565 
300.809 
302.691 
303.645 
303.723 
302.61 
302.36 
302.107 
301.628 
301.004 
300.032 
300.284 
300.461 
301.039 
301.694 
302.049 
300.181 
300.207 
300.779 
301.386 
301.377 
302.656 
303.104 
303.303 
303.889 
304.558 
303.698 
305.044 
305.441 
305.54 
306.269 
307.009 
306.457 
305.153 
305.548 
305.485 
304.579 
302.38 
302.692 
301.99 
302.246 
303.038 
303.342 
302.192 
301.466 
303.057 
305.939 
306.259 
306.493 
305.775 
305.711 
305.575 
306.045 
306.218 
305.733 
304.765 
302.751 
302.036 
302.379 
305.112 
303.269 
303.707 
303.156 
301.505 
299.65 
300.232 
301.689 
301.798 
300.331 
299.101 
298.053 
298.001 
300.157 
302.077 
303.243 
303.563 
303.192 
302.379 
301.479 
300.837 
300.586 
300.307 
300.559 
300.878 
301.62 
301.609 
301.664 
300.202 
300.435 
300.761 
300.961 
301.04 
301.135 
301.458 
301.366 
302.316 
303.11 
302.905 
304.279 
305.177 
306.358 
307.068 
306.847 
305.482 
304.3 
305.377 
305.885 
304.584 
303.52 
303.048 
302.319 
301.99 
302.328 
302.49 
302.252 
301.477 
301.592 
303.929 
304.723 
305.877 
305.831 
305.203 
304.491 
304.969 
305.389 
306.108 
306.466 
305.901 
304.577 
302.471 
304.592 
301.796 
302.443 
302.889 
302.661 
301.604 
300.659 
300.591 
300.212 
298.822 
297.47 
296.582 
297.712 
300.12 
301.658 
302.774 
303.52 
304.126 
302.482 
301.645 
300.664 
300.316 
300.709 
300.984 
300.905 
301.11 
301.305 
300.204 
299.764 
301.176 
301.502 
301.076 
301.039 
301.207 
301.583 
300.815 
301.187 
302.282 
301.94 
302.084 
303.168 
306.203 
306.924 
305.722 
304.633 
303.43 
304.466 
305.758 
305.23 
303.93 
303.068 
302.894 
302.068 
301.879 
301.592 
301.371 
301.008 
300.73 
302.189 
303.214 
304.739 
304.693 
304.516 
304.001 
303.952 
305.077 
306.269 
306.78 
307.303 
306.578 
305.269 
302.589 
301.425 
301.583 
302.26 
302.036 
302.903 
302.034 
301.363 
300.612 
299.241 
297.703 
296.85 
297.965 
300.38 
301.257 
301.651 
302.671 
302.912 
302.941 
302.573 
301.41 
301.043 
301.462 
301.562 
301.636 
301.471 
300.789 
299.84 
299.719 
300.248 
300.71 
301.093 
302.053 
302.253 
301.718 
300.573 
300.683 
301.26 
301.129 
301.226 
303.211 
305.396 
306.94 
305.011 
304.768 
303.778 
304.367 
304.51 
304.429 
