297.971 
296.567 
296.921 
297.121 
296.86 
296.09 
296.257 
296.011 
296.286 
296.41 
297.686 
299.266 
300.803 
301.474 
300.1 
300.424 
300.164 
299.849 
299.727 
299.438 
299.042 
298.486 
297.601 
297.312 
296.459 
297.74 
297.694 
297.409 
297.571 
297.658 
297.587 
297.252 
297.263 
297.146 
298.604 
299.898 
301.889 
303.304 
305.057 
302.756 
302.551 
301.745 
301.765 
302.044 
301.808 
300.706 
300.677 
299.799 
299.728 
300.137 
299.789 
299.049 
298.845 
298.961 
298.594 
298.486 
297.467 
297.235 
298.822 
300.488 
302.125 
303.562 
304.918 
303.125 
302.13 
299.247 
299.295 
