297.971 
296.616 
296.88 
297.065 
296.579 
296.052 
296.242 
296.26 
296.318 
296.383 
297.691 
299.287 
300.895 
301.73 
301.047 
300.469 
300.1 
299.778 
299.522 
299.383 
298.932 
298.482 
297.698 
297.54 
296.93 
297.246 
297.423 
297.456 
297.29 
297.593 
297.562 
297.238 
297.124 
297.335 
298.905 
299.719 
301.511 
302.856 
304.915 
303.332 
301.782 
301.439 
301.638 
301.921 
301.494 
300.589 
300.544 
299.596 
299.46 
300.267 
299.855 
299.361 
299.296 
298.978 
298.453 
298.487 
297.48 
297.639 
298.971 
300.4 
302.068 
303.318 
304.79 
303.175 
302.007 
299.796 
299.071 
