298.184 
297.319 
297.645 
297.568 
296.721 
296.822 
296.8 
296.812 
296.647 
296.609 
296.796 
297.04 
297.157 
296.998 
296.891 
297.053 
297.096 
297.162 
297.259 
297.512 
297.487 
297.352 
297.474 
298.044 
298.093 
297.791 
297.462 
297.266 
297.153 
297.312 
297.339 
297.387 
297.618 
297.655 
297.781 
298.418 
298.388 
298.09 
297.563 
297.855 
298.262 
297.944 
297.939 
297.914 
298.554 
297.288 
298.019 
299.3 
299.676 
300.656 
300.328 
299.096 
298.74 
298.627 
298.234 
297.952 
297.978 
297.863 
299.926 
300.687 
301.344 
300.042 
298.23 
296.979 
297.158 
297.845 
298.005 
