296.059 
295.845 
295.206 
294.376 
294.389 
294.356 
294.324 
294.217 
293.989 
295.566 
298.451 
299.356 
302.254 
304.052 
304.969 
305.859 
304.68 
303.169 
303.157 
302.263 
301.377 
299.562 
298.169 
296.631 
296.973 
296.241 
296.757 
297.166 
297.367 
296.947 
296.242 
296.269 
296.832 
297.291 
299.188 
300.912 
302.513 
304.687 
306.338 
307.235 
308.078 
308.024 
308.115 
305.663 
302.575 
299.971 
298.612 
299.985 
298.073 
297.839 
297.228 
297.224 
297.263 
297.211 
297.26 
297.48 
297.392 
297.627 
299.079 
300.94 
302.939 
304.878 
306.242 
302.169 
302.708 
302.761 
302.724 
