297.77 
296.805 
296.048 
295.508 
295.594 
294.513 
293.938 
293.49 
293.314 
293.051 
295.453 
299.517 
301.805 
303.418 
304.262 
304.021 
303.717 
303.556 
303.944 
303.937 
303.96 
302.257 
300.536 
299.028 
298.645 
297.73 
296.987 
297.132 
296.339 
296.118 
295.928 
295.368 
295.539 
296.179 
299.305 
302.303 
303.617 
305.891 
307.188 
308.221 
307.183 
306.252 
306.375 
306.467 
306.618 
306.129 
304.808 
301.505 
300.299 
300.563 
300.176 
299.08 
298.546 
298.364 
297.537 
297.513 
297.248 
297.602 
299.44 
302.589 
304.771 
306.083 
307.335 
307.222 
306.539 
304.784 
304.215 
