0 
-18.2279 
-14.0285 
-12.5459 
-10.4888 
-15.7101 
-4.00972 
-1.6879 
-0.296651 
12.0013 
54.521 
194.094 
326.021 
459.281 
558.504 
636.344 
615.95 
551.802 
430.173 
294.597 
143.214 
41.9417 
-5.19999 
-4.98089 
-10.6962 
-7.33466 
-7.03709 
-11.0796 
-9.51763 
-8.88086 
-6.97106 
-7.01987 
-11.5082 
0.0211012 
62.8188 
166.74 
326.52 
446.319 
538.551 
505.17 
616.426 
536.203 
409.64 
278.023 
123.76 
14.5788 
-9.64604 
-2.66878 
-5.17873 
-22.1286 
-18.8788 
-15.832 
-11.9077 
-17.7467 
-13.3297 
-18.4655 
-16.8262 
-13.763 
65.7854 
180.097 
301.814 
379.967 
528.918 
578.259 
609.502 
546.958 
447.48 
