297.77 
296.923 
296.286 
296.018 
295.659 
294.41 
294.348 
294.958 
294.955 
295.499 
297.586 
299.727 
301.957 
303.528 
304.56 
304.481 
303.875 
304.288 
304.735 
304.216 
303.596 
302.529 
300.716 
300.73 
300.246 
299.892 
298.977 
298.848 
298.582 
298.13 
297.555 
297.127 
297.037 
298.223 
300.486 
302.878 
305.165 
306.964 
307.573 
307.626 
307.519 
307.042 
306.882 
306.405 
306.149 
305.859 
305.469 
302.432 
303.548 
303.603 
303.276 
302.47 
300.278 
300.008 
299.467 
299.928 
300.14 
300.092 
301.157 
303.142 
305.419 
306.871 
308.221 
307.451 
306.706 
305.933 
305.626 
