0 
-6.4044 
-6.64195 
-7.82684 
-7.44884 
-6.66154 
-7.65047 
-9.96313 
-11.506 
-2.39127 
42.933 
114.993 
194.773 
276.478 
343.621 
419.277 
439.616 
403.699 
338.294 
255.284 
165.956 
73.5304 
35.8661 
19.9739 
16.5685 
10.1986 
12.6645 
8.26939 
6.41814 
4.646 
5.02321 
4.82203 
3.42195 
12.5168 
65.8747 
132.943 
227.516 
285.439 
322.775 
405.351 
418.34 
412.498 
344.407 
254.909 
165.187 
80.9827 
27.6122 
38.0738 
16.6432 
10.4615 
8.48147 
6.19905 
10.5723 
6.39323 
6.69875 
3.36073 
-0.552292 
11.6924 
67.6214 
129.214 
197.006 
265.395 
310.311 
440.914 
443.351 
401.621 
367.481 
