297.446 
296.773 
296.331 
296.01 
296.497 
296.283 
296.271 
296.317 
296.425 
296.533 
296.844 
297.162 
297.221 
296.913 
296.715 
296.866 
297.151 
297.443 
297.584 
297.714 
297.585 
297.362 
297.543 
297.616 
296.742 
296.093 
296.225 
296.789 
297.422 
297.387 
297.364 
297.221 
296.607 
297.023 
298.152 
298.978 
299.278 
299.79 
301.591 
298.154 
298.237 
298.384 
298.607 
299.112 
298.602 
299.008 
301.165 
300.304 
299.256 
298.297 
297.657 
297.459 
297.723 
297.73 
297.565 
297.56 
297.508 
297.609 
298.164 
299.412 
299.432 
300.349 
302.455 
295.871 
296.962 
296.329 
296.346 
