297.418 
297.197 
295.967 
295.271 
294.733 
293.943 
292.927 
292.164 
292.071 
292.061 
294.085 
299.854 
302.469 
304.385 
306.253 
307.312 
306.783 
306.19 
305.492 
304.908 
304.536 
303.743 
301.357 
300.519 
298.508 
297.976 
297.136 
296.558 
295.816 
295.383 
295.309 
295.199 
294.924 
295.557 
299.279 
302.778 
304.723 
306.65 
307.621 
308.293 
308.356 
308.159 
307.694 
307.238 
307.313 
304.693 
303.951 
302.614 
301.616 
300.833 
299.906 
299.874 
298.953 
298.606 
297.657 
297.354 
297.413 
298.531 
300.579 
302.551 
304.678 
306.343 
307.561 
309.111 
305.776 
303.587 
303.414 
