297.418 
297.498 
296.268 
294.997 
294.6 
293.796 
293.694 
294.138 
294.171 
293.674 
294.626 
299.205 
302.29 
304.1 
305.735 
306.458 
306.85 
306.553 
305.849 
305.284 
304.93 
303.868 
302.318 
301.589 
300.956 
300.15 
299.868 
299.231 
299.143 
298.644 
298.07 
297.569 
297.2 
298.609 
301.336 
303.345 
305.029 
307.18 
308.763 
309.753 
310.099 
308.497 
308.132 
308.03 
307.666 
307.035 
304.946 
303.669 
303.47 
303.76 
302.91 
302.339 
301.869 
300.897 
300.36 
300.241 
299.516 
299.877 
301.091 
303.173 
305.502 
307.349 
308.459 
309.538 
306.783 
304.757 
304.264 
