297.643 
297.015 
296.809 
296.625 
296.511 
296.332 
296.728 
294.63 
296.198 
296.64 
298.402 
300.788 
302.694 
302.505 
302.426 
302.743 
302.536 
302.742 
303.75 
303.264 
302.125 
301.459 
301.331 
300.119 
299.125 
298.514 
297.957 
297.453 
297.809 
298.241 
297.647 
297.96 
297.539 
297.723 
299.976 
302.719 
304.69 
306.441 
308.204 
305.323 
306.7 
307.015 
306.483 
306.191 
305.78 
304.177 
303.161 
302.977 
301.846 
301.017 
300.469 
300.275 
299.675 
298.767 
298.513 
298.245 
297.554 
298.122 
300.554 
303.184 
305.361 
306.892 
307.654 
305.389 
303.887 
303.167 
302.831 
