298.091 
299.608 
299.456 
299.026 
296.617 
296.233 
296.076 
296.268 
296.524 
296.721 
297.402 
298.133 
298.864 
298.925 
299.113 
299.746 
299.739 
300.143 
300.191 
300.001 
300.131 
299.874 
298.239 
299.773 
299.671 
299.422 
298.844 
298.736 
298.717 
298.5 
298.596 
298.721 
299.055 
299.323 
301.275 
302.439 
304.578 
305.484 
300.662 
300.823 
302.001 
302.309 
302.388 
302.707 
302.082 
300.526 
298.556 
301.478 
302.46 
303.418 
303.272 
302.658 
301.989 
301.488 
300.988 
300.86 
300.709 
300.57 
301.417 
302.819 
304.698 
305.031 
300.499 
299.434 
300.059 
301.277 
301.25 
