298.091 
298.614 
298.613 
299.392 
296.315 
295.783 
295.446 
295.587 
295.677 
296.514 
297.4 
298.267 
299.216 
299.374 
299.797 
300.396 
300.742 
301.454 
301.134 
301.002 
301.207 
301.096 
299.169 
299.909 
300.738 
300.474 
300.035 
299.719 
299.989 
299.925 
299.084 
299.099 
299.824 
300.619 
301.857 
303.374 
305.35 
306.816 
301.459 
302.14 
302.94 
303.72 
303.784 
303.975 
303.471 
301.591 
300.176 
302.6 
304.322 
304.156 
303.858 
303.079 
302.941 
302.496 
302.02 
301.534 
301.229 
301.077 
302.675 
303.871 
305.496 
304.079 
301.275 
300.565 
300.927 
301.813 
302.487 
