297.778 
296.721 
296.039 
295.28 
295.615 
295.375 
295.161 
295.146 
295.267 
295.383 
297.627 
299.8 
300.908 
300.5 
300.636 
300.631 
300.912 
302.159 
302.72 
302.534 
302.728 
301.481 
299.14 
299.042 
299.844 
299.057 
298.09 
297.176 
296.743 
296.126 
296.898 
296.397 
297.32 
297.448 
299.962 
303.012 
305.044 
306.214 
303.805 
303.416 
305.329 
305.598 
305.607 
305.943 
305.87 
303.854 
301.798 
300.733 
300.447 
301.06 
300.806 
300.255 
299.774 
298.916 
298.824 
298.268 
298.096 
298.889 
300.947 
303.329 
305.087 
306.687 
303.389 
303.788 
300.921 
300.755 
300.707 
