297.757 
297.686 
296.846 
295.475 
295.883 
296.591 
295.388 
295.497 
295.271 
296.744 
297.825 
299.852 
301.041 
301.092 
301.375 
301.718 
301.468 
302.681 
303.889 
303.844 
304.055 
303.171 
299.891 
301.383 
301.727 
300.387 
298.194 
297.735 
297.58 
298.037 
299.701 
299.414 
298.975 
299.328 
301.476 
303.384 
305.301 
307.046 
306.817 
304.441 
305.694 
306.63 
306.648 
307.018 
306.56 
305.483 
303.027 
302.008 
301.007 
301.959 
303.78 
302.765 
302.062 
301.411 
301.203 
300.822 
299.785 
300.052 
301.797 
303.933 
306.046 
307.623 
304.975 
305.006 
302.643 
302.505 
302.155 
