296.792 
296.432 
295.584 
293.823 
293.916 
294.769 
294.858 
294.837 
294.596 
295.011 
297.449 
299.647 
301.675 
303.413 
305.015 
304.975 
305.193 
305.022 
304.411 
304.065 
303.576 
302.083 
297.574 
297.011 
297.092 
297.478 
297.519 
297.806 
297.953 
297.596 
297.425 
297.297 
297.12 
297.911 
299.86 
301.745 
303.702 
305.948 
307.444 
308.604 
309.531 
309.433 
308.341 
308.417 
307.03 
302.312 
300.267 
299.234 
298.887 
299.569 
299.185 
299.395 
298.872 
298.305 
297.843 
297.569 
297.404 
297.818 
299.583 
301.563 
303.847 
306.003 
307.042 
303.908 
303.594 
303.214 
302.475 
