296.792 
296.576 
295.427 
295.192 
295.069 
295.422 
295.29 
295.524 
295.482 
295.318 
297.766 
299.71 
301.68 
303.245 
304.042 
304.053 
304.321 
303.904 
303.63 
303.615 
302.864 
301.758 
297.62 
296.493 
296.435 
296.112 
296.604 
297.302 
297.363 
297.371 
297.204 
297.19 
297.207 
297.997 
299.638 
301.464 
302.834 
304.794 
306.29 
307.369 
308.052 
305.203 
307.122 
306.641 
306.625 
303.536 
301.079 
299.38 
299.203 
299.088 
298.738 
299.112 
298.678 
298.395 
297.777 
297.509 
297.042 
297.473 
299.167 
301.44 
303.179 
304.791 
305.956 
301.622 
302.709 
301.91 
301.285 
