297.895 
296.785 
296.85 
296.262 
296.093 
295.476 
294.865 
294.948 
294.853 
296.055 
298.038 
300.062 
302.042 
303.22 
304.094 
304.099 
303.414 
303.615 
303.827 
302.908 
302.902 
302.454 
301.206 
300.98 
300.608 
299.808 
299.222 
298.889 
298.424 
298.117 
297.43 
297.459 
297.414 
298.429 
300.508 
302.381 
305.201 
305.727 
307.584 
306.294 
306.112 
305.974 
305.639 
305.424 
305.444 
305.572 
305.242 
302.797 
301.52 
303.198 
303.592 
302.606 
300.746 
299.93 
299.709 
300.002 
300.107 
300.089 
301.154 
302.705 
304.757 
306.652 
308.069 
306.221 
306.519 
305.859 
304.964 
