296.494 
298.028 
297.281 
296.797 
296.336 
296.167 
294.938 
294.942 
294.467 
295.211 
298.375 
300.845 
303.283 
305.094 
306.767 
307.89 
308.785 
306.445 
305.664 
304.352 
302.113 
298.289 
298.568 
298.249 
297.644 
297.497 
297.396 
298.333 
298.711 
298.937 
298.156 
298.612 
298.605 
299.287 
301.425 
303.419 
305.906 
307.709 
308.352 
309.923 
302.911 
302.029 
303.517 
302.597 
302.143 
302.903 
302.781 
302.383 
301.367 
301.712 
301.477 
301.086 
301.134 
300.713 
300.035 
299.89 
299.379 
299.583 
301.485 
303.791 
306.386 
308.03 
309.027 
309.996 
310.257 
302.286 
302.389 
